4423
5891
9673
1864
8260
7905
5116
2943
8002
3142
7616
4420
3141
5003
4466
3692
9441
6590
5059
8856
8429
6681
36
5696
7520
5321
6423
3981
8176
4384
6759
3677
275
7510
5541
9614
5414
1735
3635
3416
5956
2330
8915
9098
7333
3381
3868
7852
1049
8927
6707
9478
5608
7822
6252
4206
3142
2675
8188
1317
7059
6025
4994
8413
3535
1614
9105
27
4428
3819
4522
384
6149
3437
560
4560
7897
5507
2411
24
5512
196
580
2198
8018
6833
6405
1159
586
4592
3556
7645
1695
9629
7137
5230
2321
6241
6337
6750
59
858
8213
7287
5374
8773
2925
4349
5358
6415
4373
869
6611
6033
3068
4628
2865
9473
6867
4530
5143
422
2174
6838
50
389
3147
2372
6631
562
200
7769
1420
8413
6135
7874
8264
138
2222
3621
6554
7675
5569
3164
3707
8637
7793
7651
8109
4659
2180
4330
6160
5433
2247
7289
5823
5394
739
3532
5956
939
2379
8455
430
9593
7407
9773
9732
708
4472
6285
8383
41
9449
3168
8678
8320
1897
7866
4057
4077
2195
216
588
4442
8585
6411
914
9324
1021
7949
1342
3401
7483
1772
4072
4889
2624
3803
5597
7096
87
5058
7137
615
8226
6894
8935
122
4759
2992
5278
8033
4287
5867
3554
2871
3356
4468
3274
4378
2417
4616
8858
9900
7467
2929
5867
90
6733
1464
8266
7899
6522
5402
8514
5827
2295
8528
5949
8133
1519
2306
6166
6885
8173
9720
835
2607
5266
5188
6985
8762
9804
6921
9740
8349
929
5607
9519
8741
7071
7784
6639
4671
3185
6232
497
6560
4759
7526
5771
7357
9832
1936
5320
8004
2734
6155
610
8001
2421
8675
7841
3303
6674
7581
1652
7603
3187
1170
6343
1336
32
4061
7086
4296
292
7584
855
6130
5109
6627
3486
4940
9642
8806
4022
3455
6040
5711
2534
8461
4385
374
1764
2138
7955
4495
9741
2220
5665
7163
4635
6776
2302
1721
1071
3673
9305
1927
9803
5492
9633
3288
1510
352
3172
5532
3807
9212
2321
6341
8752
6707
7795
515
9924
6828
5010
9664
9049
1753
7905
4762
8529
206
6483
9600
3879
6866
2605
3681
3436
3316
8048
4946
4748
1220
477
8555
1510
3878
5975
261
584
4848
1855
1586
1675
6865
1249
1802
9697
233
6565
9304
439
4126
9983
4319
2071
3666
9079
5507
8062
7127
453
2809
9426
2009
2442
935
5887
9496
2276
7550
4343
4131
9136
6019
2075
1464
8900
1771
1697
6543
2154
2136
669
3215
7534
2740
6881
7692
9326
6021
4818
9779
8830
5322
1788
2351
7336
8754
1846
9612
6304
7269
3743
5439
4366
5818
7982
3265
8668
9679
9809
1900
1815
1556
5115
427
5375
3075
8119
4700
9096
4015
5558
9005
9337
7346
2434
7752
7178
4280
7363
3481
1548
1105
10000
5914
8002
7981
258
7749
7660
1145
9649
553
2701
5843
980
9155
8918
9100
3854
9092
4193
9412
9175
4609
7836
1608
2360
5014
6968
9723
9574
9595
1907
9573
5509
987
7554
6846
8736
6292
7991
8385
6845
1770
4227
8904
924
4223
9082
5857
3314
3275
6348
3568
7884
4183
5176
1322
275
2143
1044
9850
1738
4030
500
8326
5018
9133
6250
3753
5424
4240
3216
3347
7089
7443
2251
8013
2744
2411
4948
7138
6765
1295
705
5727
6558
5881
7049
7912
9104
9173
8840
1920
3202
9341
1324
8220
8473
7574
3052
4976
2892
6268
8323
9981
4790
1652
9072
7534
4064
4019
4671
1907
6394
5376
7635
4030
2336
4683
1941
2518
3855
781
4438
7058
121
5762
6356
9673
3335
9408
4648
7306
5676
4050
7286
1544
5702
6357
9078
844
1454
4828
2752
7848
203
386
2956
3618
6148
4898
6136
3
6758
1652
8140
6879
7414
4495
7630
1827
3903
2278
211
657
7407
7497
3280
4187
4932
2357
6111
6387
7185
9942
5313
8468
1406
8270
3164
7554
4246
9301
7557
1003
952
5696
8961
9446
1270
6590
2351
6252
9947
2563
7988
7353
1138
1267
2619
6071
3624
8730
3536
1888
8671
8849
1434
76
8197
4598
7630
2442
4977
6266
3445
7009
3040
3484
6454
4310
74
9884
1640
1099
3525
9628
8453
5743
894
1071
1813
5598
879
5349
8565
9550
5276
1077
9626
4552
5675
8334
6994
652
5678
1518
7661
8719
5002
5193
4107
6155
6155
6827
7255
759
6454
6786
6502
8428
8936
8315
5104
9815
4742
4747
442
1096
5824
1146
5648
1498
9480
3721
3229
5158
6318
1968
4955
2398
7161
140
8554
4395
6967
6887
5154
4500
4751
1655
2927
3686
1048
9110
4579
5790
3856
5021
7965
9680
6167
3613
2256
6725
8413
6565
2961
4730
8533
8995
7128
5694
9136
6760
88
7181
4725
6321
1680
9476
7976
5686
3161
9024
5874
8819
5892
808
3839
3856
487
1084
8548
3823
8889
6960
387
2928
2768
9999
1923
975
5692
2137
7735
6859
396
3539
3179
3156
3014
2233
8842
7255
1256
5795
6073
7148
6603
991
1004
8170
3154
9552
3071
3121
7591
3458
6050
358
4535
7973
1333
227
1188
147
8165
1584
3686
2423
4740
6700
4656
4661
5033
6992
455
1106
4139
8137
3176
6222
6306
6330
6853
9377
530
4443
3913
6580
4801
8449
5631
6135
9755
6819
7361
8998
8403
1046
2499
4222
7746
8235
8883
3858
5226
416
4964
443
8553
9219
7745
5938
6627
4597
5314
7157
9040
306
3736
4919
9834
9367
2132
9588
6185
9493
9664
5667
538
2163
9889
9364
397
9850
3221
6702
265
9264
7145
9897
8482
4889
5834
5108
564
2227
2265
682
2533
7080
5602
2366
6447
8813
3032
3710
8306
2695
455
9923
4858
1422
364
6334
1271
3585
3035
2615
3927
180
3591
3487
6148
9425
8596
6713
1651
1939
7395
4184
97
4075
7629
7623
2888
660
1333
2272
4435
2867
2194
371
4290
3638
6706
6640
8302
9741
334
2229
999
3925
5716
8227
4428
5390
6018
6080
8408
3412
1342
8506
8567
8972
6128
1454
710
8540
3726
5145
2486
6999
6596
7855
636
3301
5573
8939
4120
5907
2246
6199
910
7962
4425
5339
4431
1521
2497
2838
4933
3839
2422
3499
3889
9630
6032
5679
8169
836
1902
1733
8915
8498
9588
629
2877
5161
646
6998
2146
2892
4275
4136
1933
8700
9475
6364
220
3050
280
6232
7968
2703
810
2936
3411
7921
8615
2658
9837
1595
4392
8751
93
3979
9380
4049
218
26
1046
3444
3997
5321
7580
5930
5099
8133
3372
6398
1182
3653
3709
9150
7435
5598
3164
845
3518
2857
4582
3354
4453
8974
3183
5625
4032
2563
9674
4250
3668
1799
7694
7665
7120
5273
4674
3298
4484
8046
774
5666
2777
4483
5895
1290
80
9059
3214
4678
1916
7797
9111
7448
6770
2294
3072
1880
5936
2745
6131
682
5623
4903
8347
2743
1255
4099
7120
5739
3224
7894
1405
6001
2377
8379
7292
3536
8516
1584
8214
431
9381
7325
7879
7230
697
2029
9110
6633
5854
6319
7315
1476
1222
6740
5298
2477
839
2417
9295
4063
311
1778
1142
3767
156
9513
7303
8673
1097
6596
182
1556
3920
9141
8786
4617
1169
8975
2328
7023
5293
9643
9579
6515
7461
4876
70
8300
7294
9366
3441
8684
1143
5663
2450
2379
5175
9753
2130
7351
7427
2312
8908
2425
2531
8772
8121
3701
7746
448
1802
3039
1169
2459
632
8631
7336
1782
6930
4629
2226
1450
3312
3369
7113
5762
6827
3366
6593
8957
717
4020
2348
703
6445
4879
9475
4566
9659
8300
6093
2540
2417
7263
4999
4128
5893
2334
5910
3901
8042
8136
5351
1353
2584
3542
8194
9411
6909
5866
9447
8705
964
1794
9408
8488
7752
9961
4132
7411
9339
225
1029
1755
7488
6028
5884
4459
9442
2872
8360
7483
1008
4790
9916
3592
8332
9188
4081
6319
6132
4606
5023
7096
7479
5509
6663
5231
6549
794
3720
5887
2098
4749
8722
664
1855
5684
5123
1296
8556
3483
8780
9564
9352
9774
4234
7683
8961
9395
5081
5093
4000
103
3267
1479
6692
9930
7789
4319
1803
1508
1284
3901
7336
5
4566
9191
5689
767
1566
5324
5329
1424
4887
4680
1197
200
2363
157
9595
7444
5250
4673
8626
9597
6152
6396
9526
3940
1793
1328
6527
3078
5230
3862
4162
874
4132
930
1641
5698
6254
6971
8201
2219
1650
9398
2419
5092
9555
3092
3614
5884
8845
3319
5480
4996
9715
6084
15
2587
7413
7621
5665
3721
2562
9827
5674
6694
756
8394
3470
8089
5364
1670
308
8094
1067
3806
4264
1700
7978
7879
8663
6822
2276
5221
2896
3069
1305
2911
5656
9797
1611
1320
4596
4173
2226
269
866
4061
8663
5415
2150
5106
8164
3537
4278
309
8422
8542
3088
6399
7499
1751
4299
9775
6972
7196
3923
9356
1185
9579
9152
2796
1978
4826
6969
4204
5095
8914
9344
4837
5407
2572
1021
3570
6109
5299
4958
5610
4919
8047
2008
3497
876
6308
4350
8927
4582
8273
8283
5767
8931
8513
8564
908
3339
6611
5112
9513
5525
5534
5428
2010
8107
7528
6660
5294
3905
1617
903
8825
742
3991
3400
1618
1377
8829
545
5959
7102
9907
2804
6032
8419
2446
8019
2836
9058
3130
3428
5661
9743
8856
7671
7849
6384
4330
4222
288
7027
5125
191
7769
194
4670
9388
2650
3499
1011
8609
1679
917
2492
8790
9336
4938
6808
3251
3995
1016
6679
734
758
6613
8406
9687
2996
3814
3908
4364
840
111
5634
9689
306
1383
9076
2956
4882
86
2644
6561
2082
6215
5350
2496
1152
3236
5747
6227
4252
2425
6961
5010
9039
6445
4696
3113
259
8604
8556
2178
8716
5269
1866
100
6652
941
4135
1533
2106
7858
9173
5267
4072
5601
7764
6304
8837
3510
2530
4167
7015
9491
9177
6053
5936
3873
244
7274
3555
8801
9452
3349
5148
1318
4528
1799
3338
9743
4411
6524
7600
4662
1790
2751
262
9554
9055
177
4143
1584
4344
1157
2153
4599
8289
8089
9551
8533
5362
3106
8412
5893
7534
3559
7211
2062
6437
1627
1804
847
8151
482
5509
1020
4312
6850
1652
4445
7027
5795
7108
2449
8031
9262
8128
6319
8429
7678
5931
4870
1862
4342
762
9397
8981
9052
2537
5417
678
5420
7344
9909
6981
2852
928
1293
9703
3659
5738
7808
9455
3925
1336
7485
3186
9464
3804
2693
7141
813
8642
9004
6234
482
9479
5214
9534
2015
1710
1291
7435
132
1199
4415
2984
3206
6787
3765
6865
3604
2652
7398
7529
5067
4883
1793
5609
9766
4486
2749
578
4207
2831
6812
4689
3388
3105
4223
5403
5894
6593
3916
6026
7792
8332
88
2076
6197
4933
19
9801
8664
7418
7329
3730
3379
200
9339
4223
4687
3166
5880
8894
7077
2691
3582
464
6875
8884
5868
3847
5476
9784
951
4346
9194
1040
7501
6470
7052
7521
6270
5715
6017
4678
523
474
4878
9862
4697
643
4106
576
615
1182
4346
5277
1647
2300
4160
8594
6147
715
9456
7099
5061
9729
9218
3641
6198
7348
1161
3546
4141
8257
8224
4664
8731
4181
5604
4506
4824
9710
5082
6519
892
506
1795
3618
2806
7034
3290
32
7749
2745
8210
3889
2473
7427
8609
9750
5853
848
3296
9994
9105
2598
4657
8914
6779
260
3419
2682
1048
9580
9201
3019
85
995
6637
3971
9108
1005
4003
6857
3751
2212
1824
7303
717
432
7053
6570
1280
1427
7642
1463
4025
3377
1455
804
4716
4874
3486
5764
5532
3765
8784
6696
4760
6499
666
3867
7505
4669
1802
2334
7960
4705
9637
9756
6216
7768
7404
8575
9195
5045
1116
4299
8422
2571
5103
3137
7445
9668
9981
4055
3432
9843
751
9271
6341
1417
4216
4924
7166
7098
8337
5125
1802
9053
5960
9098
6820
3363
7672
7094
8409
8789
1392
7909
1359
7574
2125
9884
8320
2105
3938
2830
1947
4689
2100
9367
7186
6316
5370
4351
3413
3706
554
6295
2758
7593
5392
657
956
4142
8830
9365
4009
221
8352
6448
8874
476
7410
8272
2581
2426
1101
5607
7116
3201
4974
5380
595
343
809
5088
5128
2442
2461
7887
35
8932
9623
991
4152
8452
1434
8162
9752
9786
4609
9704
262
3097
7975
3922
5523
9076
9530
3717
3355
5582
9097
5029
7004
9906
116
2131
3427
3656
1096
3462
2587
718
4453
6740
248
6966
5980
10000
6751
1667
9703
8092
4764
8756
3093
286
7831
2622
4004
1185
9283
3100
6215
6286
4085
7410
9496
7512
1066
592
2052
4732
2389
6505
2550
2638
4549
8530
3716
1299
196
4498
470
4960
3253
3563
6326
2163
7264
329
3348
7625
3429
641
3910
8593
9131
3405
7183
1275
5076
9235
6007
7466
5739
9637
1182
1366
8166
5977
2666
9442
1553
4215
5480
5886
8857
1805
8049
6120
2134
2475
3744
6643
4196
8733
6314
3326
2137
3497
4601
8293
2731
1686
5758
9550
1322
8019
915
567
5074
4660
1087
6628
8875
6567
2513
7731
9452
1640
4929
2664
4115
8673
9307
9390
8484
6700
2715
1700
196
8395
9993
2927
81
6829
2476
2482
4847
4471
4128
9921
9131
5215
7627
9085
2861
1218
6815
2312
2858
1744
4976
8053
1495
5362
7442
1058
2061
1236
2758
3336
9631
2750
6263
790
9579
9819
4352
5504
5368
8480
6503
4498
4774
4130
3582
7635
6427
1476
1025
9286
4299
7080
8417
6873
3520
6937
7931
6660
8173
688
9996
8883
3438
7338
751
4095
8235
5103
677
3602
4662
7181
8100
514
2389
2761
8149
9895
4237
252
9180
8536
8411
8675
5408
1931
5612
3339
9670
4863
5106
9666
4824
9624
7003
5576
4797
6316
1757
5475
9918
7498
3734
8017
8012
7202
1856
7239
7096
6093
8570
7355
5707
6981
6029
2194
9991
2719
5533
9660
7583
1717
403
3485
1340
8485
139
6138
4800
2976
1612
4717
473
6425
3813
9565
3626
5669
7882
721
1762
6452
8076
8548
4511
5184
741
4501
7903
7353
5239
6564
9071
5643
49
410
5206
188
7627
6
3164
9239
4723
4717
6742
9615
5360
367
5284
3241
2168
8125
771
1322
6672
5282
6506
8493
861
4409
5845
7180
2051
4915
3901
2100
6405
9107
3368
4031
9113
7611
4349
4915
2327
1090
4529
7687
2537
9813
2007
4705
7937
2778
6027
5688
9140
2533
4180
0
8021
24
8259
1150
6019
2159
4330
3502
1266
7698
7533
378
5308
2960
5293
8715
5130
9823
7480
7667
713
565
2371
9730
3344
9477
5417
2483
3088
675
3562
1108
1778
1821
2259
8876
3980
6589
2377
5246
5365
989
6704
1751
5028
3075
1544
157
3976
9025
7824
4690
668
1273
4419
4012
1829
914
7574
4917
2668
2215
6026
4446
5115
9364
3322
9095
7031
6778
5420
3474
7767
3202
5225
2795
6277
6770
4031
253
6873
2934
4943
7541
4207
440
2632
6036
2433
1284
953
5101
3499
8058
625
8614
8500
5026
8788
6609
1804
4207
82
649
8488
5307
4523
4764
3155
8555
5017
1106
1488
1038
8648
6774
2557
2358
3889
4990
3642
5921
1169
7142
5057
1795
6834
3556
7900
5621
164
9704
906
246
1432
9394
6632
5955
4158
9788
5588
253
893
8155
1292
619
4929
3849
2977
9897
9919
7699
5817
1087
5919
873
3961
2752
5508
2940
8374
6751
3722
358
8076
5154
831
4707
2188
4989
5573
7776
6321
7546
5931
7613
8165
1938
2541
2221
1834
2459
9920
8730
4625
5838
681
9666
9669
6189
2605
9121
2939
6327
9480
1014
1481
310
6800
4748
6378
2373
2523
2698
9919
9533
1390
9162
1470
5010
1382
4383
7469
2380
3112
3172
9297
3793
2837
8966
1060
5442
8086
5078
2848
8644
7171
5408
32
3971
155
6410
7423
2678
187
7341
3290
2656
6502
5839
7666
8964
222
6213
2422
3334
463
1719
8207
4380
1763
9267
900
9849
4345
3748
8493
1515
9156
8525
6565
9311
6014
3987
3068
7280
2406
7437
1014
9988
3275
8680
8951
3497
5971
2451
7911
7513
4170
6117
1892
5933
6462
2793
6861
1885
6541
6432
4480
5697
6035
2123
6086
2048
6111
232
406
8517
7669
1420
8504
944
1178
8533
5520
8228
984
3430
5741
6233
625
7633
3245
8167
425
105
51
6967
6537
5610
3742
2571
7734
906
5699
4923
1139
6105
3439
9887
7526
3022
830
9783
2633
7430
8011
4696
859
3751
2008
2564
1383
5253
730
2888
5358
1860
9855
2973
8550
4675
5544
6283
6660
1242
1205
8878
8427
5723
8765
7031
9824
673
6813
2457
8103
4823
8232
41
9653
239
3684
1036
5492
5493
5003
1928
8432
5936
4901
6981
610
1524
4342
8349
3845
5547
7227
2271
2349
7070
9302
2172
7743
7194
5708
6925
2016
5019
8045
2748
5258
1728
4863
1829
7221
9866
4836
5652
5801
9738
2633
7490
2340
6975
5838
6185
3601
3064
8457
7029
133
8837
9201
8956
6030
5988
5880
8047
1006
3924
1873
7343
6731
6736
250
3951
6601
5087
681
2401
5903
4393
9891
9322
2447
6807
5506
6048
9872
3962
4155
1083
2799
3355
1117
9908
421
8076
9033
2506
3078
905
928
9809
7641
2257
4838
4241
8423
5520
7721
4325
9913
7611
3646
2359
4418
231
9486
5368
5272
3640
7530
9150
8075
8648
9058
9575
6723
8090
2081
880
8996
4088
688
6636
6345
5527
1956
4768
2125
9677
171
3116
7288
4897
6555
2784
5128
6040
9231
399
759
6760
9550
8834
6486
9686
9487
4288
7775
2646
5168
6770
6734
5856
4485
4158
2461
6441
8926
5665
6117
175
8782
4483
5072
5336
8346
1278
2454
7576
2757
3213
4336
3385
3125
821
3070
2612
6188
1923
5258
1355
9773
3071
8291
4257
7229
751
1776
7233
7496
7893
7408
6277
3455
3559
2691
1800
5916
5145
9377
8673
9438
4791
3136
3641
6691
7285
6253
2879
9209
2590
4234
8981
5661
2524
3237
2889
4355
5013
121
1850
3984
8608
9206
8518
2166
1896
318
9162
8120
9695
8913
8636
5564
2049
2277
2254
9334
8530
5133
8542
1119
9368
8601
7859
2970
2916
747
7325
7929
1947
9175
2992
555
9459
1509
3800
1354
2906
4040
553
3679
2953
267
9243
5002
2544
1497
5414
2153
6630
5035
4351
7076
3635
2210
1125
6552
2957
8450
5559
5984
8704
9630
7618
8162
1139
1417
595
5124
6537
2227
8804
9490
2494
8046
4491
5039
9543
983
7192
7252
6018
2621
5406
732
4831
6531
7284
8868
4981
2842
4851
4763
3551
2468
4003
4690
4964
4598
892
1500
7904
9696
2068
398
7742
7638
6516
8363
8622
4786
5614
5718
7407
1020
6450
3317
7551
3733
2184
3610
7655
8114
9452
1205
1660
3455
6974
6624
9132
7866
9204
7036
7562
1271
8513
6382
8910
5028
4744
8610
892
358
4327
9378
2457
777
2694
1086
4510
4878
4697
3243
4070
4148
4448
5730
7603
2500
3433
7814
1445
2636
4849
9007
4986
4440
6467
4974
9468
1210
4662
1438
1568
8990
815
5104
9767
3510
6191
5355
9467
887
9678
3537
6114
5204
9267
4796
7705
2699
2609
9150
6414
8537
9235
2479
2976
5701
8532
3522
6911
3194
4960
9559
2183
5775
4662
3028
363
852
9462
909
2818
9139
5525
8933
4343
4791
4807
3126
8570
7416
3354
6062
5952
3667
8541
8928
9368
8152
2449
7357
1345
8488
7994
3528
5341
2656
7635
6784
4587
7096
7693
8485
7314
3217
8496
2735
9087
3302
5861
8735
1796
9215
4797
8827
2881
4416
7754
3327
3646
1281
1762
4991
847
9757
9598
6188
3491
7232
2971
8078
5407
1742
7641
2720
4959
6136
5455
5125
516
2394
3859
2312
2687
9735
1138
6647
5230
9971
9974
8876
2330
1735
4946
3177
2570
4543
444
6061
1775
3415
5218
8261
5158
2858
980
1195
73
7514
7399
589
9908
2337
2902
2594
3150
5119
9241
8380
6169
292
8335
8499
3106
3280
2755
5677
7823
3199
2816
676
7693
9113
8937
3929
1971
995
6204
3123
8509
3602
3712
9495
5939
7693
2088
9090
2812
2407
8548
8981
3778
6882
8558
7964
1240
1312
4719
142
5590
7535
1897
3283
6648
1913
7212
9698
2908
3415
2820
2496
7018
6532
1990
4035
5304
5158
4203
9195
8644
2751
9254
3501
711
7811
1464
1952
202
6183
3173
5792
4796
5070
9075
1443
8062
7366
2219
970
780
5039
4545
8877
2650
7614
3991
9033
3850
8194
8227
3573
944
7480
7074
2735
6369
8538
5766
6571
5799
8939
3442
594
5087
3595
3117
3149
960
5336
5198
2820
1454
9743
2775
4104
8435
6766
3136
2285
6039
2441
6937
6983
9921
4010
9718
7368
3626
5483
3939
9425
5500
8460
18
587
2054
3135
3736
4094
8472
12
7993
9926
9755
767
5108
9268
8613
9323
2631
4651
1763
9568
2712
2762
3577
3509
129
7203
70
5147
6627
5571
3606
7725
7237
6740
859
2051
1912
409
2063
9905
334
2896
1750
6521
2163
362
5843
4795
6092
7606
4362
8805
367
9019
2313
1576
6221
2383
6723
3927
9033
329
1651
6269
8148
3589
8320
59
3999
382
9964
5412
3278
1713
1933
5442
3155
8855
1315
9247
6461
5677
9130
7907
4695
1442
561
1995
4905
7285
5922
3937
8693
8652
206
6840
2240
8526
7978
6239
8909
9020
1651
3265
1811
4663
8707
4966
3517
1100
5292
1056
6778
4421
8964
2551
6943
603
4546
1847
7888
1546
6863
6580
197
7069
4498
2438
6674
3554
8677
6661
2573
1406
9926
4385
6069
9712
429
9587
811
5721
642
7589
1221
684
1219
9243
1288
5765
1089
9176
7312
9031
6835
8588
6100
2411
1025
2773
5966
781
512
8539
2187
437
4002
8257
148
4432
7843
960
1231
8485
9628
2452
248
846
1694
1536
7691
3862
1790
6081
2893
9704
4668
71
2115
6773
3923
9160
7554
4435
7698
9741
4872
1700
7997
6100
6132
6918
7060
7363
6482
7766
894
6730
9692
3667
9345
7382
7530
1134
3462
1501
838
9209
2651
4032
5981
7653
3191
3534
2087
1967
4354
8038
3667
2350
4137
877
9269
2275
9320
5750
1120
1292
3558
811
4959
2902
8193
3567
5115
2733
6147
7032
3020
8798
1063
80
6450
5333
3614
9616
7301
9047
7654
2046
1397
2869
4003
1744
6224
3322
8573
7344
5693
2130
9234
651
6111
7426
5298
1225
1237
1444
8258
4257
1321
399
5416
7771
5733
9031
8466
3033
9156
7198
6158
552
1145
160
3375
7369
3482
1947
5791
9175
5156
6103
905
2345
4607
6203
4650
5844
8726
2907
1180
46
3306
6596
8897
117
6705
7362
3150
5861
4559
9309
7492
6783
9469
867
5231
4030
3893
2100
4283
128
8204
6267
3552
2810
3548
8202
8655
2274
1108
913
2320
5494
8588
2295
5611
5293
9657
9841
2232
5294
227
9724
3156
774
1669
8387
5883
5563
486
1245
6770
8690
7512
321
1500
1060
8524
1233
4413
710
3225
7812
7283
1812
107
2894
7105
842
3813
9337
7216
4040
139
371
5893
1808
9837
1776
8450
322
3021
6298
91
1611
6620
2670
3750
6222
4982
8163
8011
8207
7054
5294
18
8240
9267
8203
160
3079
8618
7376
8198
8757
8826
4090
1644
9741
6945
93
63
1044
7471
1233
2656
5169
3903
6406
1390
8885
5648
479
7091
2701
5773
8188
2019
6118
6390
2179
275
6087
634
8473
4843
9460
3642
7566
279
1665
8739
342
2710
6209
1575
5366
1377
6557
2850
3846
5441
8498
4325
3610
2277
1177
2876
4296
7295
345
7555
7571
6432
8189
7122
2353
8727
1842
9920
9006
3508
9737
426
6218
5945
2001
2662
8401
9637
5512
2246
6156
4010
7650
844
7366
9906
3721
2741
7201
4066
295
5850
1576
8484
4050
3929
8289
5893
4927
7295
9401
4663
7721
5618
607
801
9359
86
437
4870
3411
7673
9959
1061
8517
7325
966
2237
1144
9246
7382
1439
6174
8958
1001
224
2887
9290
6117
7814
7663
6596
3556
5384
3292
5242
7264
2650
5329
7701
7520
8740
5373
7479
879
4969
5882
2925
7206
7026
3249
5667
9544
9424
4624
1623
9648
8590
1991
6843
7483
9655
3438
1038
6117
6730
6280
3380
9380
1608
2159
6899
1427
8612
5456
2306
3580
1337
6310
1864
9442
9560
7531
8985
8983
3234
1686
9709
1823
4757
6551
384
5490
9989
1422
1606
6718
8782
6065
6097
1468
8224
4074
2895
7914
9531
6281
1493
867
2590
3358
1388
2149
1967
372
2210
5201
3138
1918
8104
7895
8469
8488
3384
9536
989
6069
6253
9771
2133
3428
1238
1435
7503
5213
428
8112
1493
1921
57
5162
6358
1445
7312
9405
2897
600
4605
6035
2519
3787
5008
2066
3354
8392
1602
4343
5539
8934
5192
7672
2362
7509
185
943
2721
613
9055
5293
3614
9112
455
1050
1636
8846
454
4533
9446
6139
567
1964
9926
5575
5110
4358
5045
6712
8701
583
5645
4971
9334
9086
2480
597
28
6280
1211
161
1573
5904
352
2028
6954
1988
873
8488
6521
1397
4626
8167
3362
5630
4820
9551
9989
9865
6262
9768
1526
1906
4739
1938
992
8298
2535
2099
5656
4825
2261
7229
728
2613
335
8762
5680
2287
7249
2200
3685
2953
366
8126
8583
5186
7676
8571
6129
5016
9418
7655
8001
5235
671
71
4611
3206
2171
266
8032
5511
7496
9839
9203
8910
8600
4882
1197
6927
7082
5961
9880
8527
4086
9542
4791
2840
9191
919
7856
8608
9653
5856
3842
323
5928
8453
4608
9178
9799
3718
4688
7294
3557
3890
7282
3235
8772
8479
162
6932
5518
1120
6537
9604
661
1327
3522
9853
3325
1377
9539
4056
8313
4460
5458
5319
3991
65
4496
3789
3784
9184
2161
8420
4152
9444
1654
4002
9001
2895
2012
4519
5095
8549
5201
5756
954
8724
6687
5358
1179
7305
9414
9492
1764
5950
5889
5755
7094
384
9545
1956
646
2784
375
4798
2227
3109
9879
1228
6004
1890
6826
2177
1517
2026
7934
2471
749
5699
7829
1929
3003
8321
2499
4767
4270
9468
1601
2443
9852
2224
4399
1577
5008
4775
6375
8315
8963
7333
9543
6045
9223
6368
8223
740
9473
7235
4290
222
2933
2119
3230
7016
1518
6808
2861
6868
6275
5541
9311
7206
7765
3709
8783
3852
9563
6236
2166
8525
3568
2787
4570
2791
233
2792
4610
9706
1105
8900
9928
5117
2097
4236
2132
3616
1044
6073
483
8398
1613
9794
5603
457
4581
4385
4309
4144
621
6475
3747
4189
9262
8317
8059
9495
2187
3747
9200
3292
2647
206
9489
4744
4442
1620
9439
6565
8772
1000
4963
385
793
565
842
5375
6030
5151
597
7730
2704
4344
2997
1965
3740
1056
2538
5927
4803
1737
298
8529
1943
9787
4352
7465
2485
3790
4029
1257
4791
8992
2721
6663
636
3563
3116
7745
9793
3713
5474
2496
9137
8471
5540
2876
605
8078
9882
6488
9815
179
5016
2837
1044
446
301
3530
4237
4330
5866
106
4401
8587
7848
6116
3228
964
3860
3020
5756
9334
6595
4892
8883
2134
7768
9489
211
7650
7055
25
8908
2070
3941
9953
2517
5321
4561
7833
9652
426
9018
5131
91
6865
1246
3319
8908
6185
6339
4664
6597
2933
9556
5479
5067
8403
6046
6357
7131
3100
7461
7117
6250
1402
7069
9846
6723
2708
8757
7453
4213
7774
3662
4304
5717
4908
7623
4625
2171
5040
9289
8768
7973
9923
4247
4118
8325
292
1553
6534
4472
9015
3651
721
1495
1798
566
8218
4507
9323
6750
8720
8175
411
3024
3891
6399
646
8516
8570
6766
7804
8417
4738
8806
2663
9936
7130
4034
1488
4743
8506
1581
8394
305
3076
191
871
1294
5777
1272
9123
4497
9447
9534
8600
4417
7011
324
2932
6660
7090
1815
5076
2907
620
8818
2842
8829
2851
5409
4650
2436
6991
3043
2741
66
4314
3613
2439
90
5964
2640
5666
6490
3253
4265
906
263
5669
4917
8002
2758
7811
3077
5665
9510
1894
9586
9418
4746
6074
4067
7182
4143
8190
1001
4209
3582
5693
7728
3672
1657
367
417
9226
3620
5761
131
4963
1429
6127
2964
4188
5017
6042
9853
4526
9015
517
5022
4839
6591
9090
3099
733
8358
4101
6021
1939
9794
4827
6690
2529
6274
7107
1754
972
2868
2964
5935
4297
9092
9979
9564
4108
7099
495
9713
6113
1012
4735
952
8682
4903
5130
493
4339
9231
6514
6278
9025
2420
4046
2632
8694
1153
4387
9666
5100
7351
6680
475
7521
6658
39
2707
3756
1613
2420
947
2625
8234
2978
2385
4215
8109
2878
8554
7339
470
4831
7442
2890
9956
74
1583
2187
5540
2328
7287
2890
9008
8842
411
6744
9960
4197
499
1572
6617
2525
5276
5929
5504
8740
143
3612
1617
9776
2029
3166
5685
550
6057
5641
1703
8719
7828
7243
1046
6194
132
1132
5035
1622
7876
6073
5820
9454
8724
3515
3058
5078
523
8562
3817
666
3252
6513
1521
6360
9679
7206
7989
5735
2846
9692
5533
674
6934
7658
7947
8146
8791
4060
846
7745
132
7745
8278
9935
1260
2414
5012
1783
975
9908
3528
5306
6420
6128
2744
7177
3334
733
3991
6180
1503
9524
7933
9517
7181
5879
7662
7050
9939
9587
5874
1149
7332
5230
1083
9671
7644
6095
2532
9698
7081
7139
6082
3500
3267
8826
677
6601
637
5747
3859
2141
5270
1792
1657
3529
8750
397
579
8689
9984
7532
9838
8394
2761
921
9143
1483
8095
1674
2259
5176
9893
8341
9755
3159
7166
1510
838
8883
7257
4697
1023
3605
7568
2680
7135
6318
3077
8793
5006
4139
6324
5922
2533
163
7922
1675
1646
6017
4429
3905
2271
4321
3324
3104
8559
1568
4615
9397
450
2950
5172
1473
6556
3819
5232
4769
136
8309
3561
6221
3527
9885
2142
7139
47
64
9893
2772
7160
4321
7756
509
9721
1079
3613
8279
3726
9307
8754
4177
3336
3926
6729
970
7745
1961
5739
8960
1348
9300
6259
4875
9184
8401
2013
309
9544
1906
4160
7782
7306
1915
8291
7027
4073
2983
6384
7799
2289
5138
3054
6704
142
9784
7674
8966
1744
3412
7925
3092
2711
5262
7968
1894
3662
1059
3282
4285
4044
7442
3145
1350
435
2515
9456
4508
5498
5839
3386
8866
976
6440
5570
2197
6223
3243
1162
9046
6656
165
2138
445
5427
1184
3419
168
2243
6701
5532
7367
4143
8677
8717
4578
1191
8172
165
7768
5089
3551
6634
7145
1069
3282
9342
7293
7604
1583
6338
5338
1748
9555
5784
8255
738
9203
8423
4061
6982
5033
1427
2203
3709
143
7861
5980
9394
8026
4826
4482
2655
2538
2705
3724
5820
2047
1016
3424
3630
8434
8762
6457
7988
5624
4711
9806
4826
4212
3866
2887
9245
5293
5090
4033
6515
2950
1091
6987
2054
5917
2547
4709
9535
5253
8434
5354
7300
528
9857
2008
8962
9698
8465
8029
5321
3176
7834
1226
7388
1699
4113
7712
8071
281
1744
5664
3232
2835
2650
5286
9831
6276
9996
9365
1528
9508
5798
9907
35
5654
2993
76
6430
1458
9184
2830
5713
7017
4056
3100
9795
9248
811
7865
607
3634
4607
3839
6469
8336
204
6300
4611
1278
6743
7219
785
2540
8204
1899
9274
1197
1975
5703
2655
1158
8533
8368
9254
3667
2546
9048
3993
4437
7991
4601
8071
3676
9519
5619
2011
9723
2997
7702
1000
9740
4920
1785
3359
4202
4764
2632
5399
7818
8335
9133
55
7947
8579
9309
1613
2204
9436
6686
7720
8505
1286
5790
2181
804
2487
4192
1606
5484
2972
2606
6303
7892
5471
9662
3173
234
2293
8572
8052
1706
8784
9186
9653
8441
8495
2345
644
9009
109
8364
7513
1395
5233
9694
3278
8799
4965
4884
4283
7937
8570
1664
6908
4040
2404
80
5353
5776
9731
4483
7482
9593
3669
8214
8034
2163
1637
9757
2250
1746
8121
9763
4220
4432
535
7498
3230
5500
3461
8592
4515
2030
1334
2501
6070
3738
3660
1422
9514
3391
5905
8075
4062
652
6288
2095
3894
9004
1852
6144
749
1051
5907
6048
6562
7521
3545
870
3020
8085
9463
8614
114
796
1115
7263
4535
4775
9764
5127
9245
6748
3201
3307
7400
567
6481
1294
9571
9412
7438
1398
1541
4423
7446
9182
1943
2070
52
6042
154
593
4656
269
1389
6850
8611
7003
2703
8375
3209
1948
5122
6410
6334
2521
6978
3893
3815
7627
3305
2332
9026
5925
6755
6471
5107
8699
9620
5159
4740
9775
5752
474
1122
8220
7324
811
6302
1106
9186
9511
3054
4307
6999
466
7908
3976
4359
2801
1603
8743
5133
1707
4668
1888
9257
9775
1665
8877
6012
7484
9730
2842
9038
1930
2140
7440
2741
8442
8546
3006
9031
2678
7313
6030
3144
5220
1084
8583
8022
2687
7325
4233
5473
3071
7200
4730
2845
9944
4685
9936
7428
4414
3856
7544
7423
5997
4983
163
4438
3529
4248
4548
7286
1561
577
430
7860
1661
91
6960
5428
7416
2272
900
487
9472
6709
4411
9416
1393
5426
7922
6886
9282
5465
4308
5278
1526
5551
795
5055
9799
5343
3420
2438
6999
4929
1377
9739
5020
8337
5166
3514
608
7146
5080
1159
3854
570
574
6327
5996
8496
3212
6356
5039
8600
1634
6565
5229
3508
2699
5027
8851
6119
8545
6928
1047
9922
6666
7146
9337
1832
659
1024
56
5740
2183
4989
6310
2757
2394
2305
2331
5607
8661
8449
5285
1373
5013
513
4881
7712
6619
4810
4909
5163
1737
7035
6163
9483
4180
5500
1314
4840
6524
2449
579
8707
7438
7968
2542
911
272
5952
6518
11
4400
2881
2464
491
3394
8424
8204
1091
3234
4191
6255
6050
1226
2417
5532
5406
8996
7925
1324
5519
1452
1903
4225
9970
9871
7846
880
1221
3797
7398
2312
8197
1357
5855
8689
5830
4278
7971
6921
7512
3240
4254
4641
4466
6672
172
951
5667
9177
2275
2265
628
5258
7569
597
6207
5415
1477
8508
290
9954
1898
8488
1310
7753
8255
7140
2030
7304
5140
621
1622
9394
5262
6089
7144
6513
8119
3890
5689
1472
6155
7397
7809
3723
9073
5095
216
550
3602
507
1582
6579
73
3972
4331
9407
2190
6361
6710
7330
8061
8332
6724
3322
5499
3867
914
4696
7757
7682
6169
4990
5078
5056
8714
4151
150
8
5780
4831
515
7362
1409
588
1333
5740
9995
3524
3180
7783
853
1240
7194
8656
5642
3771
2523
6556
8468
1358
4237
5715
6349
9316
770
6141
4545
2000
7228
324
6831
7744
7686
8241
9411
98
5059
9406
3622
8239
8267
5554
9480
5460
4210
5121
9232
7812
2755
8778
248
6992
4492
7676
7386
6341
4895
1930
8341
2123
2254
6251
9867
1019
4491
9277
2196
9550
9761
6897
8868
8028
2450
8347
4566
7739
4546
3797
6629
7301
2574
6878
5371
8145
5632
2757
4486
527
4687
3905
2650
8021
155
3595
118
5725
3950
2314
6354
4790
9211
5221
2817
2739
4646
7383
478
9192
2259
7107
7571
5912
5063
2941
4057
695
6777
9622
1222
1464
4605
4951
563
5840
9625
681
1564
3574
2995
7918
9443
3284
3138
2259
6023
8863
721
6501
8054
4059
4687
6703
9971
828
723
5106
1523
7500
4727
3824
42
9333
9854
605
5172
9478
2365
7815
4131
6439
6812
3573
9723
1028
6912
6825
9892
8712
3325
9024
2770
9091
5727
3819
998
7529
8926
3600
6107
3652
7425
6150
4063
8357
7834
313
7835
199
8129
3044
7717
6019
6617
7440
7047
4607
4264
6938
3318
8668
5962
7167
8838
2767
986
9836
295
990
3435
6402
5721
1938
3630
9785
295
1464
97
9209
2742
9305
2252
1537
5323
9948
55
3449
4555
5398
386
7873
5145
7427
6119
3982
193
7105
4896
1567
8095
9410
9049
3815
2427
2678
4678
2722
5221
5855
3009
9042
6238
5261
579
1561
5208
1713
5010
9763
7112
6475
8715
2256
3902
4833
7317
5174
3016
2212
6742
2189
2700
6869
7083
5127
9547
1761
8928
5847
7616
3015
5967
4932
8276
6546
6493
4563
8260
2581
5404
6450
135
4118
8706
4037
29
6022
289
3045
9313
8110
6313
3091
4978
3396
8219
5604
5157
8225
2529
3851
1240
8496
8783
594
6121
6355
5157
5459
14
1640
1908
149
6837
613
5265
6867
7714
5555
990
8105
4743
7304
1195
9722
699
492
6404
6935
8718
8933
1864
1036
8507
646
1630
4627
8080
7867
85
8095
9507
3072
9323
6343
3685
4588
4288
2477
1221
5279
581
7043
3661
2856
7843
4360
3348
4246
2373
3144
4257
4237
4180
2764
5962
6890
7391
5121
5835
8556
4294
6420
1627
3616
3841
6392
9283
8130
9948
1582
4487
1608
8626
9227
4464
6468
4665
7812
1793
7038
956
7129
2353
6215
9893
8315
4183
8363
3435
1096
7997
7729
7516
9624
2424
1357
7094
2785
565
7042
4368
6131
8650
4072
5357
3113
1618
21
2003
3411
8138
4038
540
490
253
1511
8805
5515
952
3319
6612
8949
2126
4127
9652
5629
6563
6745
8415
8207
4865
3861
5416
3514
7933
772
7706
629
1872
9710
4041
1088
3747
5660
1578
5079
8250
1462
594
9203
5860
7206
9230
7986
2411
8881
4694
53
6705
3108
9339
1569
8048
4755
5084
7059
6606
2789
7688
9558
3577
2807
645
7325
9546
2224
2403
7796
3686
4076
8077
624
2360
8385
9689
5851
7266
4382
5904
5049
8569
6321
6618
6616
1075
2780
3674
7682
6649
1362
7239
225
5248
7884
8629
4794
1186
2111
3668
5951
7266
1744
6575
9627
128
6264
5477
8473
1724
2459
4600
293
8780
1218
6909
934
5077
1662
8616
2804
4103
6933
4109
9351
5895
2737
5223
7082
5927
8891
4111
3193
1713
686
2819
1842
8029
9375
1393
9753
2912
7073
45
1691
9370
8034
3704
4446
9696
2319
7251
4877
330
1359
4227
6226
5175
9451
4386
1102
9420
8497
4295
1133
261
8193
4054
8290
8646
5447
9122
1557
3598
9167
4327
2967
8279
8032
7414
9053
1429
5743
3929
1760
8181
9236
9065
3355
8686
3450
5536
8105
3025
9831
316
4366
9102
4370
2655
8826
896
2855
382
4494
3101
5789
7462
1379
4899
5954
432
6328
1696
4361
9167
9877
3596
8231
4310
3360
2759
9847
2544
6864
755
2860
1229
936
8310
4963
9762
9206
7819
144
3699
919
7012
1160
3377
1910
7114
3809
9317
9889
9250
8484
843
3924
7793
5154
7285
1631
5000
907
8495
6834
4846
9724
7770
3155
5765
7532
2360
3583
8755
7139
5581
5766
8299
8959
8755
6492
3846
8071
7459
3095
6554
8303
7020
5426
4535
5383
7057
613
7369
5551
7447
2214
6353
5217
5370
2117
3827
8809
6780
3660
5947
3439
504
5325
2397
9259
1816
6244
8408
353
417
6041
9735
8516
1466
4269
3898
8523
4882
1266
5152
3408
3481
2583
8625
9930
5779
3530
8738
2558
7190
4685
7077
7694
9
9474
8031
2904
6796
6438
3257
7214
2478
4071
5729
3944
8340
706
3545
3222
1972
9776
6630
6532
2358
6333
7540
8138
941
6278
1774
8131
2041
8851
6903
2050
9404
4933
6033
6199
2449
368
4491
4928
4439
1299
9951
2779
2005
4575
7080
5056
4350
4788
2667
6709
2199
206
5925
3140
6484
8778
2349
9604
7629
330
1653
8111
6342
7686
5388
8791
8055
9880
4797
2493
2257
5827
6351
4262
401
3430
396
5830
9297
3063
3617
1495
4349
9542
5714
1911
8320
8063
1515
7027
8393
4247
5137
4734
1933
524
4604
1066
1482
479
4638
3739
6306
989
8001
7786
5498
9477
3616
5874
3618
7233
7369
7967
6775
3083
957
6173
2224
2472
3199
1696
6719
8336
7509
9731
9939
2112
796
1421
2592
6514
5160
9977
8582
4240
7763
5158
3716
1378
1031
8413
9690
8401
7459
6464
2562
8416
3715
4786
887
6914
6482
7606
6328
3991
8416
7346
7182
290
8767
852
6804
3926
829
5385
9245
8592
543
4039
1048
1574
2452
737
1053
9911
8281
4694
9405
1995
559
291
9989
8120
8976
7395
2110
7391
4740
371
7682
4585
1223
5564
8512
3131
949
8835
1722
2571
2874
3849
5224
6405
5666
7357
7394
3946
2050
6798
7020
2609
8168
8087
729
7143
5482
3918
5613
1300
5368
4373
5886
7671
9937
5476
801
1964
4310
3603
5614
8263
7452
838
4667
3117
9274
3139
8142
1323
9937
5162
5012
8104
3248
6820
6326
9809
737
3017
1109
7185
7390
6995
4855
8405
2470
5656
369
6780
9259
7062
5043
7790
7900
788
1985
7173
3928
127
9576
4943
5289
5666
4126
9616
2485
1530
9425
4301
4547
533
1485
3015
7528
6340
1419
9998
3075
2867
7856
3412
9930
3977
1201
8908
4766
3187
7160
9773
3314
7814
5794
9682
3479
998
9297
5964
2528
8721
264
8154
332
2829
1168
7860
247
3667
8936
3322
7613
6792
6735
8621
768
9015
8608
6613
3280
5767
7464
6594
4659
3258
7354
8138
5335
7730
5180
7864
7529
6523
7096
7862
9352
9344
5721
9600
3010
5736
4000
1701
2527
1813
322
4374
828
8930
2066
4108
5775
9530
1781
433
3866
9135
9650
9202
6864
4829
8144
4393
1351
6318
3333
1782
5661
132
2460
8671
5868
6460
372
9474
9353
1773
3848
180
702
6993
5367
7556
6522
8227
9068
1467
7362
8717
1747
5304
4624
969
775
7054
7287
4108
9915
2948
5320
2374
2697
1187
9914
3069
661
9266
5921
5588
524
6623
3659
6970
5257
180
5197
4324
2726
3637
4119
5552
19
9822
6521
795
6876
3808
5982
6790
6756
1301
9165
9453
3568
156
3601
5308
9422
9522
895
1024
7224
4554
7994
3559
5813
3190
8963
9619
6827
3081
5170
6847
2903
1691
8721
857
6578
5781
7647
4412
7083
7890
4943
1729
8046
9623
7037
8546
223
9011
9570
8526
4643
7564
2084
1534
753
1046
1152
8660
4128
7402
5506
8110
171
4226
8967
6749
6
6613
2239
8168
5582
8261
975
3627
7884
8012
3252
8107
7022
2821
6632
2743
384
9795
4278
2217
841
6509
876
6048
3910
6382
4157
5160
1686
4202
2987
2771
1893
5226
2018
7475
3487
2993
2181
2449
2084
5433
1634
184
8254
8266
2928
9718
9139
8285
1934
9980
4793
2810
6027
9783
270
1262
4942
1956
5464
9009
5806
7358
4234
7824
5911
8800
1896
8092
2327
3980
3524
3961
4164
2857
3305
7092
2574
2444
5376
5587
3502
1248
8397
9530
1030
9746
1870
7051
2780
7335
6059
8586
5771
1372
7489
1681
1250
9385
852
3578
3364
4376
8618
8607
8312
3002
6778
1964
5446
3232
7551
8948
4480
7026
9556
6589
6771
1426
4719
629
9840
1856
9216
6689
3228
7783
9449
5558
7167
300
214
1609
5756
8832
1294
4067
1833
8072
6032
8358
1304
4661
8385
6863
1687
9019
3452
9537
444
8171
166
1362
1105
460
8051
5413
8243
7500
970
6488
8879
1184
8097
4634
1094
9391
8702
4007
8542
5812
3443
9846
472
1827
6708
3238
1925
1238
2775
2369
487
2941
4811
1593
4480
3940
7006
2722
2518
7976
9210
1397
238
8385
6031
2411
8854
5811
7497
7395
1622
2019
7240
2095
4925
5027
5333
6850
6265
9187
298
6753
3206
5109
9425
7686
9049
6430
407
2646
5484
695
4043
6801
9080
1152
290
7934
6964
7788
5328
8586
9807
3647
1759
4731
9753
8172
2660
6017
7358
2958
3848
1643
8067
3272
9329
8194
780
815
839
6264
1510
5961
3064
590
7114
4434
9603
4077
2221
6009
3741
3106
9656
6580
8916
9408
4751
1575
6504
3187
4533
1430
4830
3678
4703
5238
2951
6562
6053
4869
2826
7563
830
6969
9232
9023
1402
8834
4178
4702
4843
7919
8887
5577
5577
7803
6064
327
456
2567
4594
6069
3997
9424
9747
9779
4661
3776
6341
1792
8646
245
434
9476
8293
9666
9577
9696
9579
3754
5476
5500
2751
4363
1076
8329
2165
7140
8656
3700
785
4328
9769
5862
3752
594
6719
9492
4370
3059
2363
3015
4383
2797
3569
2676
2462
3145
3450
2040
6899
8926
7540
9651
4367
9696
7979
7611
7914
7713
1311
8700
2041
1079
4561
6872
2752
2358
7442
7123
6497
9805
137
879
2601
4786
4634
6143
7931
8084
8183
4830
8089
6802
5559
2455
7576
4616
66
5489
3407
2456
4188
5448
3535
9828
3398
7367
2186
840
4489
8683
1723
5705
640
4325
490
5275
467
9501
3358
9729
5409
2525
7609
967
4981
5184
6662
6126
673
68
8582
5940
6596
3195
6847
9994
561
111
1912
6129
9873
3636
1834
512
9040
3403
6866
9507
3982
1303
313
9391
3828
9002
1436
9888
4185
8098
6013
5937
9246
4594
2956
5841
8869
881
6913
9430
992
9905
5559
1943
4619
8472
2455
3658
2953
400
4243
6936
1703
5635
7405
5531
4636
8842
5419
9901
8018
1431
6916
7263
7105
9872
4182
5973
1831
2174
6481
2823
3157
3118
5845
7776
2668
8301
1433
6701
9780
6755
3636
1482
2389
2119
7013
7026
960
3510
8005
8979
6021
4920
7320
4204
5871
2581
176
7702
5834
7736
1604
8991
1933
7449
6766
4601
6828
9278
1301
6607
7111
6016
8089
9500
8136
6181
7604
9096
769
5608
9153
6790
1607
7552
993
7478
132
2248
5179
5966
1063
7862
6035
2996
5311
2800
7597
2138
3156
9978
9825
266
7072
8992
844
5207
6251
9528
5382
7021
5135
5613
4889
6742
3164
6962
4219
4375
9210
477
1419
1351
8339
7454
4347
4728
1332
3023
7946
5567
4079
7770
6912
1150
7840
7757
6358
4091
7284
2818
2190
3497
8431
7079
239
2674
4040
5537
7049
4329
7093
9548
5680
6511
7001
1106
1238
9413
5208
9184
4979
9287
8032
1891
436
5872
726
7873
1041
8010
690
3231
1506
9122
309
2824
1795
5429
9441
9923
9758
7612
9470
6516
4122
6471
7622
5361
6962
2829
5623
1940
3194
4734
4910
3631
605
5636
1503
1646
3645
2194
5956
6231
2394
7344
133
4189
2772
9574
5190
3608
8265
4660
124
2386
2209
8825
8826
9171
2733
4449
1110
5927
261
7100
9558
866
2735
2140
3591
6381
5413
9547
3690
7807
7969
3823
3074
741
4476
8264
4349
2740
2923
5552
6205
5132
4377
5031
5381
7110
558
7571
4115
819
4670
4752
2764
7405
6892
7434
4864
3383
8059
8554
1189
6027
3456
4263
6768
7932
2526
2196
1750
6529
7748
9034
1660
2124
4064
8121
312
5701
5691
5507
7599
360
258
362
8844
8229
7796
3708
1611
5854
3340
3879
2960
6796
8142
9728
5806
667
1923
8635
7196
9672
7669
9936
2874
2811
9135
4266
8513
4825
9773
6111
6264
1109
7553
5107
9338
6427
8815
2027
3360
2155
5906
6320
29
5126
7126
5836
6872
128
4470
5147
878
3217
5082
3752
6029
5295
9097
4541
119
8869
1730
6383
1056
9283
2568
1472
6789
2462
3499
148
5696
483
6468
5725
5609
4672
2639
2481
4800
8189
7628
5678
1405
3788
9431
7434
9083
9606
3053
280
8475
4784
6663
9531
5145
309
2082
3012
2771
5581
3160
8467
7144
706
5271
2752
5379
7910
6312
178
7177
5018
6936
8583
8806
6366
7095
8967
7050
148
9247
5524
6011
6988
6134
2234
7298
8216
5247
1147
4875
8407
9615
2018
192
5964
5850
6650
3873
3240
6828
1050
8259
3763
711
8143
1207
7806
7110
8258
7954
6356
4860
5043
3344
2072
7278
1720
1366
2524
2867
7321
2009
3560
417
2201
9524
6267
8851
4476
586
6758
6605
8845
1599
7316
6987
3886
5121
5175
2143
4154
1531
8082
9197
5954
1233
6474
8753
2599
76
1619
9920
2086
6259
337
5366
5782
7683
4217
257
8269
2053
7941
8192
3652
5256
6258
7538
1456
1432
759
5610
2963
9921
5885
9996
1153
3438
8748
4831
3514
1446
4751
5600
7705
6167
966
4565
4928
6262
4823
4276
8315
3842
2467
3045
9099
9804
583
1633
1236
2421
7243
5278
2341
4206
5274
3494
7644
5100
8326
2237
6546
4155
8916
5329
1400
960
9895
6328
7222
5796
1682
6615
9638
5229
9661
9815
5032
1322
1447
6268
4822
9769
2625
7164
3975
7899
1736
2697
4077
1140
4934
1702
6374
4929
7031
7774
5889
6925
5181
4190
3799
6863
804
3437
2091
1543
3251
8203
3944
4699
4470
8767
4467
7095
7009
9521
6072
8745
2218
1228
964
8231
2930
7338
3159
9961
6191
127
7965
1371
4317
1763
9313
6200
6279
2483
8823
9531
685
3845
5308
6234
2611
853
4408
698
1453
1558
522
4750
2786
1486
2980
5716
9903
7219
6756
6093
7346
5799
8543
2741
7562
7856
19
4920
338
8842
5529
2102
2687
836
8336
6377
2768
3822
7076
4221
5381
7598
8971
8167
162
3030
4962
64
1327
2796
7237
9752
8595
5779
3571
7235
3634
3590
2154
5051
2432
8762
7153
6198
9598
6568
2574
3445
389
728
8745
5770
8326
8795
5016
9567
2903
1056
710
4230
3852
7947
5060
3525
3725
8631
1838
7360
2220
5072
2410
5731
3833
642
1928
4510
7210
4503
7955
7599
5231
6699
3369
4636
6572
9464
5281
9475
1598
5991
3704
6529
3937
9843
53
7663
8473
1891
6101
1772
8042
8511
7503
1875
9153
510
6385
7441
5013
5418
5040
1322
3195
9488
7037
9768
8951
2318
9242
548
8309
4025
7077
3325
3867
8209
987
3419
1178
7088
6270
9221
6677
4851
1095
6909
5361
8559
4349
1452
3976
9389
3854
7171
8876
890
6938
8905
4287
7259
531
3675
1283
8687
7000
6229
7974
9066
726
9153
7232
6996
9452
3908
1847
546
816
8287
9105
6245
9740
4159
5633
3593
1329
5588
5562
9347
5571
9850
6605
7182
4603
7888
5868
1602
5195
4921
667
5922
4073
8978
3996
3524
2885
5843
5149
4781
4130
5332
1025
4948
9491
7737
8541
1898
4403
4102
1244
1053
5030
7849
8235
9633
6815
5181
2313
2010
101
4059
9011
5253
3036
3006
8777
5922
9929
5004
1781
5137
335
2806
84
904
1621
9704
2803
6025
4884
4047
8157
9915
2975
6391
9547
9790
2650
2939
2878
2752
6998
1888
8005
34
5974
7861
5956
5902
3943
7737
2117
5358
1621
2201
6262
3242
2983
143
345
7867
5270
8502
8860
8245
5971
9486
8034
8622
2424
1991
2452
9422
3879
1535
9456
9853
9396
6490
6833
4418
4226
8950
9776
6926
2229
7116
1247
6291
7260
2671
4158
2529
2252
3017
773
8223
3581
9886
7923
6005
1876
374
5427
6835
2989
5961
6687
3463
2451
4599
7881
7756
4627
7656
4682
6857
4772
5929
3147
2031
8600
8384
5639
851
2480
7491
153
6061
7376
8076
2066
331
9530
8572
7166
3597
4532
4931
7060
6983
608
4941
5818
5236
2596
499
3171
8447
7507
7397
1556
7185
5781
7195
9116
8261
5764
9269
5400
4219
8423
8545
4550
9031
7116
2794
2627
2727
8804
9688
788
491
5707
6606
5727
9382
8184
8898
7829
5690
6294
463
2875
3153
8738
3069
2492
4501
2337
7893
8720
1838
6437
4348
1948
4632
8221
4575
8438
7025
5341
9226
7516
1047
5832
4321
429
5094
3218
9337
784
590
9800
4738
3744
8537
7807
6236
3038
1222
5207
2836
3060
2723
7185
5008
8434
5405
662
6871
3508
6003
6096
2102
8130
3006
6423
8559
8101
719
7895
9964
2389
8773
4701
7212
7310
3586
4526
1426
4808
9734
4262
8947
2456
2525
5034
1968
9010
5696
8839
2517
2777
6013
5699
906
98
2121
543
9278
3920
9517
9241
7388
8290
5020
4599
6678
9685
9125
8104
5571
9937
3444
4517
3471
5970
9551
5439
4979
5246
4277
8575
8024
1369
4273
8
1467
7474
552
1823
2472
68
2142
9860
9437
8241
4458
6114
7925
4661
5296
3495
4598
8741
8012
8069
4710
8642
4587
767
4966
8864
9342
4068
1311
4694
4077
3857
2167
4629
5680
5718
5776
7822
5577
5213
6062
1113
2405
5065
6853
7702
8560
1450
6442
7651
598
2230
6292
5185
4076
1257
5127
3417
5326
6439
9190
481
295
2435
6189
7055
8153
1964
4876
3729
8256
2017
5921
661
7082
2774
8363
6721
5303
5883
4371
5901
9192
1741
2164
3267
4077
8371
7763
481
4809
6953
962
6183
9388
7151
4316
7541
9116
9193
2348
8450
2288
9349
189
9370
2122
8552
7169
7425
5513
1539
4405
4704
4359
6569
7971
8437
6018
6813
8918
826
3765
9881
8089
4231
8110
2404
2850
8304
2675
5199
6754
6042
4547
6943
6491
7748
6574
3659
5172
3165
6278
655
7870
636
8304
6919
9073
4321
3731
9070
6227
8575
28
5394
2806
8138
8877
5656
7521
1552
1933
4274
8673
6480
2295
5163
5306
9948
8823
1557
3113
6179
2212
982
6815
515
8980
6967
5916
2711
7115
2142
1285
7143
7536
4091
6359
6412
826
4958
9043
2759
310
7716
318
2606
3957
5624
2553
3858
7181
6745
36
472
8806
7931
987
7786
4897
7982
496
2011
123
2860
232
8738
8031
7670
5150
9936
2628
5271
2694
2938
2986
3012
6623
8023
9716
255
1880
7975
7000
1917
8447
5806
9848
513
4670
5823
8495
6245
8913
9698
9105
223
8435
8214
7893
3584
8149
1599
8856
843
5617
2920
4934
3318
942
5728
3573
2823
3703
1652
5819
3228
8537
6745
3741
3206
2567
2236
9451
1479
3012
9634
2781
1446
7848
673
6110
5996
3352
6044
7918
47
8964
3931
3365
985
737
8018
4887
4440
748
1784
7669
363
8529
2488
3569
1095
5803
4098
3653
8815
3731
6434
261
2657
8186
6371
8654
2616
2414
7650
2663
2456
2659
7108
4520
3397
6204
9407
8916
6952
1190
7663
7315
9719
151
1962
1892
5954
6060
6624
5848
869
3057
6109
3527
2322
3558
3259
4938
7051
1987
8681
585
4647
5788
5106
9123
3070
4512
8038
1100
6782
5701
9494
7579
6931
1455
9472
3963
8594
6095
9811
9463
231
6998
4068
2553
1634
7327
8570
8685
9315
7250
349
5040
4116
5455
4162
8265
1045
2199
9365
7827
8979
8858
5406
6988
1391
4877
951
1063
2050
1840
1605
3360
9918
5673
6992
1551
3000
5562
1315
3393
3890
1664
8433
9086
7119
3673
7350
8164
6951
6715
7070
7009
6651
2475
3996
8043
8431
4947
9106
1559
7867
710
4920
7784
7463
1911
9335
1541
7473
1728
4934
2442
3392
4445
1527
1589
9197
9956
832
6147
7749
7902
3155
4400
1455
7152
3521
9886
3177
3705
2523
2122
5495
7443
9906
2957
9355
319
4498
7906
2047
510
1426
6519
6034
4032
9187
5230
3988
18
1376
1736
8999
5611
7215
453
3841
735
1417
8097
5520
3941
219
1014
2462
1203
3971
1816
1522
9548
801
4649
1136
2227
2246
7170
6260
1432
3478
1326
2530
5933
3062
1528
1543
1356
3061
5384
2091
4478
4560
7611
9498
4779
8625
1960
5982
3674
4855
8584
4300
6735
4311
5436
41
6557
3684
7380
9068
7162
8706
1597
3095
2846
3126
4638
4202
7266
1101
7373
2822
6740
4983
2320
1518
4687
5359
8579
9440
213
8241
4819
8028
3630
254
8069
186
3939
5448
333
2179
5232
1930
5274
8078
6135
991
3359
3400
3171
731
6223
9911
6793
9622
2507
1479
4980
2164
1998
6272
1484
6817
4299
5114
8150
3446
6380
3167
9973
6713
5347
5204
9722
1699
4361
5857
2690
7720
335
6940
8451
7637
7929
5243
7258
1514
7802
3316
3679
9800
9589
6242
7695
4966
1355
5844
9492
8814
9012
9464
6605
4358
4668
6327
6057
107
3262
9827
7827
3597
7845
7356
2313
5774
2598
9571
7288
1478
2887
2045
2356
3554
8287
50
9599
9643
5895
9090
9535
5985
8554
6140
342
4300
2466
7478
4407
5728
8383
2233
403
6228
667
2716
2001
4344
3366
367
5823
7332
2413
8179
885
699
9309
483
1420
6282
9574
955
2266
9206
7095
3687
3505
9561
2243
7912
6367
626
1223
6770
7933
1890
565
1012
6234
3931
1379
3135
1262
3792
2393
3226
5571
1701
3709
6991
9062
4361
7946
1327
3566
5040
6093
8150
5679
8336
6061
2045
8962
8363
9895
7973
1331
459
8985
8645
5469
364
1779
6731
5235
5251
1035
805
8031
4744
7797
7092
184
5742
9498
4829
1861
5590
2979
7540
3926
118
664
3966
8482
1637
1939
891
2096
923
9536
8644
2366
2394
6453
7602
7645
7488
8407
5676
3310
7282
3846
3494
4103
3344
8324
5964
8934
2381
4582
3938
2499
6325
7905
980
7962
922
1872
1136
2924
2486
9780
5291
4880
7311
3971
3604
4798
3456
9280
8109
738
4204
2681
4841
7548
2083
1883
7561
4464
6465
1498
6964
3869
481
9023
1830
1403
1973
4046
4328
4460
3825
697
9340
2215
4668
4022
7013
8124
4380
6200
8862
8585
9961
4781
6132
2043
6664
4771
6508
4208
6270
4550
8077
7830
3572
985
9234
6625
5031
4640
1084
9936
5337
1502
2150
1083
5525
241
9207
9905
6442
9148
8489
6402
5007
5700
9524
1671
1549
6031
5879
8898
1659
5034
6728
6311
6019
5961
2935
2129
1679
4019
2064
7016
6600
4214
9178
2124
5534
8384
3108
1975
8610
2675
9456
3617
9454
8980
6367
1003
6089
3324
9901
7749
8358
7707
4059
5455
4746
6994
7584
6425
2091
726
4519
8691
6019
3696
1894
1553
3159
6081
3528
1768
8756
4063
6464
9289
3042
3909
1370
209
7233
1270
7958
6669
56
3095
2124
4802
1167
786
1227
4337
1513
5746
4107
7532
9443
6001
9085
2601
3160
3692
5448
2994
7755
2991
2282
1875
6900
3652
2084
5212
6002
42
1880
6058
4216
4004
859
5384
5870
3165
799
7383
8912
4906
4914
9433
906
5078
3112
5145
8770
9639
8140
7603
2629
421
9478
608
5153
1561
5820
1154
2682
7700
8291
6899
2783
228
3361
8653
3394
4160
7114
2305
145
2027
1737
2130
8184
5928
7276
8032
5566
5415
5634
9275
6915
5111
9883
3146
7752
6781
5379
433
5559
3669
8411
8342
3898
2850
8073
7292
8090
5186
675
8235
8293
3491
364
6476
9419
7640
4508
4984
4133
141
5337
2127
6332
5219
5273
4083
3078
652
5595
8638
5400
4006
6979
376
7935
6131
7668
6024
1316
9422
4258
9609
2912
5702
7164
3409
4420
1671
8394
8554
2891
4809
1759
301
28
7032
5463
4185
8763
1058
2822
4163
6143
880
4539
4077
7011
3286
101
8327
2707
5438
9015
6699
2218
6178
107
6639
8928
9580
6271
2897
4389
8030
3199
5496
6140
9741
9681
4903
798
2503
144
6941
3383
5762
1018
393
9048
2198
9799
2834
8715
9892
9533
933
6069
718
8651
6075
298
4921
51
5766
4029
4329
1261
168
4069
2020
5071
4868
4523
5215
1808
8985
977
3905
456
1103
7182
1334
5016
5897
1225
5627
7909
8374
6346
7638
4448
7723
2558
4499
3488
6587
8828
4749
6755
2897
6769
2905
8844
2371
9199
1730
2434
175
6715
3970
2358
3896
5304
7374
871
6529
3001
9859
5981
425
7496
429
8148
1132
6007
1635
7719
5914
7463
5553
9890
5310
9537
8733
8760
8735
1541
1194
9990
8256
6243
3426
2152
1546
799
4102
9154
4879
3961
5135
6383
1456
6643
4530
2589
3728
7244
1386
9642
5785
8018
609
1095
7554
9342
9855
7368
1962
2127
7357
217
8370
1861
2369
994
2660
6472
1227
8619
1511
6362
6080
2967
4083
610
6635
7811
8933
9101
8532
4718
7118
9141
6892
5751
9562
7825
4197
1523
1031
2632
1740
479
4493
5189
1474
8232
1660
2701
6850
3171
141
2930
7217
5303
4619
4931
3113
4630
4031
2723
426
2227
1864
7318
7978
2504
6222
2174
4027
7253
4806
6846
7732
377
2034
9206
8610
4773
2985
6538
9023
4205
546
7319
9508
5165
2249
3700
874
6280
6423
1300
8507
9366
9698
7564
1869
5919
816
6975
3171
6702
4900
902
7079
6934
1187
5688
2786
5251
2226
2887
535
2772
205
1121
9017
3533
4821
9891
9813
2323
2269
9399
2767
3045
6962
5716
8964
7778
3769
2134
5558
8669
4116
2637
6682
6382
9404
546
2711
1629
3433
3246
5481
4718
4368
4497
8251
267
5466
9143
3669
8814
8541
6437
1859
6581
3231
822
5437
7000
4036
995
5669
9231
3632
3429
6691
3035
3975
9402
5744
7408
2648
1224
2125
8095
6800
1455
8362
3344
597
3110
2157
9138
9547
5095
5718
3856
6997
2233
855
1032
3228
7603
1341
7939
1031
8032
2053
5006
7433
8876
2414
1159
99
5618
9254
7978
7073
7616
1321
7670
725
4557
7886
1350
9653
4682
5206
7728
6916
7140
8760
1222
4743
1179
9162
5774
289
2293
780
7722
1168
4273
8882
2346
9891
8135
1402
8043
6829
3802
5712
8633
8359
4677
9983
9090
9359
6267
6817
7353
3407
6655
8576
9229
8913
8816
5002
9202
1108
6861
6924
3355
1133
6884
6780
2103
6097
8182
145
2926
1983
6936
2637
1420
1612
3699
1589
971
9966
9485
8324
4451
6140
7978
3679
6131
6793
9761
5333
8980
6621
3335
2334
7755
1297
9114
936
7394
8374
1081
1398
356
8017
4036
2856
9630
7735
4445
1679
8779
3929
1081
3230
1147
138
7988
7279
6931
8827
3690
6990
5448
7025
9324
4281
8322
9517
5217
6794
8969
6298
8193
9326
5393
2228
3260
6101
1041
7705
7780
9820
2712
9941
3049
3860
78
2116
2217
8088
942
5907
5077
7469
4010
5480
1749
3410
4996
8045
203
3964
5421
9475
4368
814
1702
7628
6915
3822
6411
5774
3642
9124
6793
7770
2983
6871
9886
6279
4958
1907
3264
1114
9376
7274
6594
2204
1762
1589
248
3044
6632
5670
2519
2079
7563
5300
785
4477
9123
7197
1329
2764
6320
8122
533
381
6071
1498
6660
1029
3405
9924
3222
3859
8276
9816
7142
37
2483
7391
4160
9115
4139
6679
2272
2780
3058
3058
7257
2180
254
9666
6023
7653
7787
7635
8034
4937
9133
5772
7045
3616
6774
266
8555
5049
81
5696
6165
2564
4165
1403
2757
9383
8083
5030
2162
2219
8088
498
4399
9421
163
1500
7073
9029
9135
5106
3965
9347
1956
1009
2962
8730
1275
2595
4857
2435
8292
2100
4999
3535
3503
7757
2918
2664
2786
6159
4883
1952
7736
9282
1372
7899
1860
8445
8007
995
4629
3050
341
6585
5139
4382
6393
7493
6978
1249
9929
6348
3349
4927
9883
7931
3762
3879
595
7627
1117
5478
9579
8853
5839
2029
7831
7699
473
6916
9773
6181
9966
113
3844
6183
4496
236
3676
2552
1485
4683
8900
5913
688
9861
3844
4451
4819
4439
3156
7015
9917
2735
5867
6834
5843
4776
4533
7396
1691
4305
3576
2736
5498
7421
8919
1072
7657
3673
3624
221
8356
3602
7213
123
4541
1056
4574
438
5495
7730
7453
6491
1543
4399
4403
7387
9175
8936
4782
1945
4320
9437
4681
896
7936
4678
1968
6672
9431
6671
6893
8865
272
4105
8988
5892
6241
4640
6331
2814
2370
4862
383
4992
9261
4787
3457
9515
4801
9318
1459
199
8755
7219
1095
7769
2975
3063
4440
2405
812
2411
1270
1084
6517
257
8056
3836
4898
5465
6650
8347
326
7034
3338
666
1820
7875
1259
6621
7192
3797
6821
7025
1015
8995
4794
3990
2058
312
6396
3949
2724
8745
6113
319
9002
4168
4155
3899
9633
804
3324
1037
8917
7742
2782
736
5616
4041
8437
3886
7838
6336
1990
9932
5330
6784
3922
8467
7096
1396
2416
898
140
8529
1217
220
3775
5372
5199
3407
7256
8523
5523
6172
6264
8306
6909
1879
2346
6424
6845
1263
2759
8835
1194
9168
6697
6195
8714
4871
8670
1129
5770
9889
736
6987
109
4511
3438
5308
8997
693
4909
4519
6865
1173
2824
4852
4131
5171
1275
975
7513
5113
888
8707
5360
7585
4902
4073
3535
3571
6281
9305
4539
7017
7370
4648
1527
807
1034
523
1500
5943
6121
9445
8195
8946
4296
3405
5195
6651
5459
2707
2842
6348
1413
8202
5011
7394
3353
8546
2044
9634
8929
6583
7729
7378
2309
334
9264
3343
1936
764
364
8058
1287
9639
7003
5583
3043
3276
3312
8502
5983
6155
4849
8475
5435
939
6948
9868
563
8992
579
571
6653
8309
7949
8962
9722
7212
2304
1658
9055
3747
9716
1420
3385
7797
7004
6428
1072
1394
6009
8134
8628
1936
6608
5142
2875
3555
5009
4518
3625
5588
5089
277
4975
4116
9239
4697
2406
2621
7434
1461
7448
7149
2881
832
6024
963
8340
8175
3437
4348
6308
2064
6284
3994
7206
238
8629
3293
4756
3332
8882
923
3610
4935
5039
3927
710
7445
7628
8144
9985
5075
5292
2866
6986
2394
4908
6404
568
8345
1830
7955
1488
9194
3028
8694
9432
1656
1987
5266
4988
1947
6189
9677
6882
2306
3604
7593
9751
1231
5736
9736
7385
2107
3680
4370
5580
9667
1853
7228
9091
3683
5182
578
2876
8210
9272
3386
944
2337
8652
5933
4284
5919
5609
2245
8225
291
916
9055
2601
7731
8790
9986
9838
3548
5435
6497
3214
7288
3724
3383
2049
8906
3961
4926
8195
4312
9391
9139
6649
9122
5071
2012
5040
1759
4257
4344
2050
5173
3398
5731
2903
3266
5716
3820
7893
2229
1395
2185
9517
5119
5569
1566
5103
9530
7571
3297
3841
6961
2436
490
6082
8586
3581
2201
1423
7838
6545
4553
4089
1021
283
8071
5366
7078
2969
3258
9308
4364
5443
8824
9483
1011
1468
4586
1620
117
8962
6540
7079
1397
8109
4239
1062
1689
6440
3564
9527
4063
8117
4694
6163
9479
2765
1528
6557
5734
4786
5864
98
1308
5766
659
3398
8314
5245
6097
8431
4207
2637
6588
6683
745
827
8824
2435
8346
2388
3040
3488
1583
7735
9651
1062
499
2258
8698
7312
7044
4561
8489
9431
1405
9149
3908
797
5472
4
9229
757
2641
6895
7441
3387
7722
7343
6901
7147
9731
9941
634
1314
7675
1363
3455
9253
3621
2152
7644
1744
7792
6132
2253
275
6359
6161
1073
1831
6166
301
2588
9886
7196
1107
4351
5997
8451
1251
4222
8181
1192
5935
573
9946
8377
4028
277
1998
7259
7921
4821
5050
4052
7074
5326
411
3235
6399
3321
479
7779
5909
364
6053
7017
4716
3128
5467
7046
8429
4726
8238
4363
5300
9263
2740
406
9540
5817
8745
7460
637
3794
2590
7711
198
4080
2024
7676
7401
3582
6533
3310
3947
2586
1405
9742
6793
7951
6787
5222
2676
6104
663
9055
5366
4482
540
5984
298
9285
3443
2014
3078
6033
804
4356
1192
2828
2031
8593
7490
9644
1902
1436
2229
4386
2256
100
2336
121
6401
5013
6225
7065
4067
2669
1546
5686
8653
2924
4970
3174
4938
9128
286
5742
3483
1478
9650
6593
70
7139
6236
3052
9654
9544
7438
2988
9645
9775
3109
7124
5866
413
4188
1011
4161
6814
6698
3893
816
1667
7067
6833
794
7353
3654
4277
9910
3303
1949
9981
1520
8185
4111
2252
7729
1548
5240
8452
2401
9428
5575
8267
9841
842
9279
5081
8735
5976
8974
9551
7643
6040
7462
9517
4472
1115
3793
4381
4418
5742
5440
7017
5006
9551
9269
2734
1099
4508
2264
3500
3936
8918
2846
4855
9760
2124
9936
9573
8100
9988
201
6821
6028
7664
6337
1578
8779
1209
7038
4276
8030
2478
1292
3035
2028
561
6848
4206
6148
190
8786
1162
9109
1631
7097
9947
4834
7032
9520
4012
7020
799
832
4126
8463
8249
6783
7242
536
3820
1517
8566
6298
3888
2680
9406
4449
606
4690
1676
797
4554
2838
984
7264
9935
2009
2097
8046
2607
6109
6144
3407
8021
1348
1869
7348
8131
189
7884
3029
1706
6449
406
6674
207
890
1122
814
5580
3877
2690
1213
6716
4753
8477
7729
6762
1653
6853
9370
8841
4075
2776
6861
5423
5724
4208
4632
5914
3170
8741
8699
698
9147
5372
905
36
7574
2798
6695
1450
5488
7908
9245
240
7464
8053
7003
9117
4905
7451
7957
8981
226
5897
5482
5950
1183
1193
1863
4354
9934
1641
5052
158
7013
7036
194
4586
9835
6889
7116
5322
5876
6360
6642
3339
4412
4723
3534
396
2173
1490
455
2399
8466
7016
9428
9650
9288
2370
5082
9221
4011
1212
457
2102
8248
651
7768
8082
8620
4883
4483
5574
2321
1124
9992
7813
6926
3525
8209
9099
6094
8664
2576
4560
6758
2003
5288
6046
5452
369
6345
9463
2660
6803
2644
907
8533
411
8990
8231
6373
4551
3804
8694
6754
3795
6506
3679
8399
5793
3856
4493
5535
6432
9053
2293
9514
4340
9418
4966
5788
5762
5507
8448
3643
9230
433
2176
9641
501
1485
7092
5052
6369
5786
1805
1242
3370
6563
9642
242
418
4134
5777
6850
3186
9149
7443
8605
8566
3487
5471
4328
8994
4997
7971
8224
5430
1225
8943
7011
2711
6035
2062
9080
2899
4947
321
7348
1509
9963
7590
1928
5175
3367
9857
8361
2515
7299
8044
2160
785
4593
6488
858
9590
5537
160
6099
6763
9103
3109
552
6216
6250
710
193
1196
2110
7542
2706
3152
6210
5713
8327
655
5569
7767
4250
3947
6889
6410
5811
1482
2897
6669
1071
9513
7908
8249
6275
7011
2436
7906
4305
8687
8616
4499
9883
1805
3119
3667
4957
9329
458
3283
1063
7107
2128
5313
1053
9018
1722
7943
499
4619
5691
2649
4131
3598
1977
1485
1687
4413
469
5993
3099
164
1570
4061
1969
5768
8807
8005
6175
9266
2366
7238
6372
4495
2550
8504
4591
4272
6446
5090
9970
2136
8818
5180
6814
794
7744
8501
5208
8213
5572
9386
9456
7142
3446
2503
3988
2253
507
163
2597
2874
7401
8969
8448
9952
8551
3038
5302
4996
9207
5272
8212
8024
451
6104
9898
8195
4604
5105
7486
176
5569
8021
8397
94
523
2385
3426
1031
2548
6023
4984
1027
6070
3431
2057
4620
7548
7360
694
6754
2631
9985
5856
4161
6088
5753
3434
692
1936
919
1947
7506
8940
1422
8679
542
3807
2104
1573
7434
8127
7636
9541
5275
2145
1597
9895
9693
8957
1667
7525
1587
1652
3380
6827
7740
212
260
9511
2148
2259
2536
732
1198
3959
9411
1740
8845
1514
4392
7358
719
3106
6898
5994
5251
9574
6967
6022
8531
8635
3546
1196
1365
8006
8024
9105
8218
9363
9695
1444
1621
3309
2177
2820
8347
2666
5639
8271
5260
1110
6707
7058
4216
4683
3052
546
4256
1097
6568
3865
9732
1193
5062
1096
9199
4164
1280
8495
3526
2053
9939
5148
6441
3194
9047
5867
6940
5764
4137
2199
6874
1922
9257
2169
6605
3387
3794
860
4485
361
5805
5295
2633
866
7471
2910
6109
9830
1404
713
2961
2422
5861
9402
5616
5986
5268
2555
1750
483
5833
9703
2405
6169
2950
9010
9556
6744
949
5119
8185
6754
1493
1896
8699
8964
4807
5886
9872
7290
6599
2832
9712
3539
2233
6407
9525
8581
40
2353
9064
5874
3135
2548
2042
6085
1557
2676
3908
3585
8875
3171
1417
367
5067
115
409
952
7080
280
8243
3679
3112
7954
8297
6424
5439
8900
6083
5480
1253
6226
2432
5467
8774
5553
2630
1409
9308
6538
4995
8182
787
6412
8549
6934
7607
8958
7886
4686
316
7207
9444
4507
5161
7740
931
1678
6640
8093
8237
8972
4318
668
4438
3091
7300
7068
4501
6608
4685
574
4789
5472
8065
3338
3484
5671
3374
1370
1436
4770
8577
879
9277
4816
8620
1286
6495
6338
9380
5810
5309
3697
6479
9747
7868
3778
6814
3447
385
1498
4021
6254
8050
2085
670
1533
8836
5123
3982
271
9893
3638
2229
9170
8454
848
1534
6027
8265
913
1837
3573
5690
9395
3319
4636
4251
1212
8083
5716
3789
3182
1969
2917
6346
2639
4451
6260
7762
9512
6531
8734
3149
8761
8982
2682
687
515
8709
8953
2508
1624
3604
9277
2097
6924
3912
6349
9215
3073
2064
3003
7334
4033
5921
3679
7751
1450
9940
6591
961
7549
5324
5190
7388
4305
7872
9155
5900
7659
8107
8408
9284
2789
7684
1380
9713
2674
8808
5
5747
871
4088
3080
5983
8
7838
4812
2537
8856
1403
4577
6405
7806
9767
4871
2111
8717
4025
9090
6376
3210
7497
6738
6000
6259
9197
6791
8933
8005
6797
4679
8876
884
8838
5938
1971
7754
749
5587
6610
2152
163
4093
9959
1009
8964
3148
9726
4068
2237
7180
7278
812
3917
4356
7071
3114
1147
6003
1118
9023
1760
1072
985
1676
7010
4035
9430
7760
9622
7118
9912
863
1210
948
2951
1253
5175
2677
5321
7412
935
2598
9303
4853
8034
6373
7967
259
3454
163
9282
6293
1235
1345
7969
8246
5380
8478
6005
5001
5595
6995
6943
7885
9023
9895
9138
4197
3650
4458
2688
4585
8135
1990
9438
7247
9443
8483
7506
3975
8646
6787
268
960
8132
9316
284
4590
8872
7368
9591
4467
4362
7613
3430
4463
7507
2567
8661
1156
8104
1348
5741
7317
4417
6258
4564
4938
4740
2069
8914
4465
9936
9182
6504
8067
9576
6788
2657
8448
4155
3326
3993
9596
938
7423
4059
9524
1068
2719
679
9172
5146
7500
7567
641
3757
2130
5580
9576
4200
4493
5119
5214
3674
1622
4359
4328
8410
7016
2775
3643
1421
6768
3239
3438
5269
7298
2962
6337
1095
3641
6587
6241
2219
4154
7961
5976
7363
3540
6631
2641
8033
1749
7855
2785
3372
2214
7114
2860
308
9889
6504
1729
7736
9743
6247
3004
8119
9209
9342
9214
3928
7007
6533
6148
1160
4493
3202
8524
8034
9833
1164
7145
1582
98
9931
4954
2312
8123
7814
2620
8011
5396
5429
6825
5138
1675
9830
3256
883
249
3548
4811
8335
80
2037
574
4574
5240
9098
3686
5072
1340
830
6654
2517
1839
2686
4829
9962
1579
7450
9052
6975
3957
5876
3192
5632
6784
6448
7594
8112
9997
2404
6447
1155
5521
7021
5729
760
7197
493
6911
9616
1324
3565
2133
4242
7330
6962
4204
8909
5490
4334
5884
9447
209
154
6157
8073
6602
3750
7263
7677
7234
3709
8833
2754
1808
5640
4593
83
6134
1503
9700
8537
6147
2911
3857
3477
951
8061
2385
6442
2394
9348
6967
3683
9502
4203
2834
7183
7953
96
5938
5186
3806
4770
9019
6693
1489
3611
6777
8702
6194
6476
8317
2340
9387
2173
5817
337
1313
9282
7858
3707
9708
5904
8469
9210
106
1302
7471
9138
1399
3408
5403
6284
9258
5500
2976
1825
9112
9753
526
6384
7307
8843
8724
7772
2094
5620
9189
3407
4901
7046
8194
4608
4028
6662
4896
5213
7965
3445
4351
442
7933
832
6726
7190
6332
9702
93
6522
533
619
2905
7840
540
1629
6691
2634
8328
5879
7121
3228
4003
5314
8915
9111
1975
4890
4323
1018
8335
9753
1460
7346
584
8186
4535
7996
8967
4628
4517
578
6326
7423
9497
7945
130
6187
1658
8458
3144
8779
2764
7148
4092
2757
6258
7146
7647
1659
9244
7061
1412
703
4406
3075
9969
20
1070
13
5727
5588
591
3132
4089
87
1076
5298
7354
3813
3755
497
2591
7598
8724
7762
354
6060
5987
9081
7720
5230
6141
210
7012
1625
3285
6980
2724
5435
8072
9531
2101
8663
2662
6190
9830
4817
1487
8262
8631
6321
9838
2300
3918
8562
1141
4272
4621
8207
3352
3419
3436
571
3629
447
3276
7994
8507
6000
3428
6578
5530
5529
6320
9271
2797
7228
5167
5363
5489
4876
1683
5326
8255
6680
4966
9396
2030
9588
7602
6462
3006
2116
7033
7715
2564
1387
5708
2149
7388
9136
8727
3996
5743
6125
4346
8540
3352
9513
4981
9920
4388
6664
6325
2642
4422
1290
3117
6452
877
1797
2913
4963
3914
1025
2677
7557
2412
8385
9706
9800
8599
9511
4875
4341
5636
9221
3959
66
9812
8940
9987
4199
6682
6311
7920
1103
8680
1036
7555
9558
2834
1547
5599
6748
2572
8276
5383
4984
7739
5088
5863
6337
5677
1816
1756
2391
1036
5715
2458
847
5733
3523
6125
2414
912
4044
4596
9592
6160
3229
227
8994
4776
5826
6820
8427
5180
2202
4490
2918
8369
352
333
4045
3247
2089
6437
4283
7804
9974
6209
4615
4575
3412
8108
6566
8535
2703
7236
4694
5933
7464
3687
1787
4368
1585
214
627
3787
4704
4624
3234
6135
4958
7280
9382
7047
4795
4743
5930
4768
2030
544
421
5442
8653
6987
3976
2434
4222
9750
9446
2764
4515
1233
8212
6101
2526
8839
966
8309
3462
4201
4443
9499
2559
4903
6546
7354
724
2475
3200
3833
4098
3621
9275
3829
1686
4329
6264
6987
5157
5709
830
9673
6942
9042
5773
546
8959
7818
8855
3499
2018
4376
2998
4577
9279
622
3009
1081
4176
7288
4914
8274
908
5267
2103
3673
675
8367
660
5832
5154
1490
5504
3175
1610
2355
3721
1647
173
2576
6225
3270
8031
301
8927
8389
923
1935
9470
5099
9224
4384
4452
1210
729
7634
5963
1404
7079
7702
8316
2232
9192
3819
5407
1880
7254
207
4606
7427
3862
830
1775
1892
1132
701
280
2055
3716
829
8234
4018
6292
3764
6307
7021
1397
2269
8426
8476
9971
7820
707
240
1638
7194
3199
9971
7401
7805
7397
1262
8636
9173
4233
9768
952
4514
2901
4668
5343
2213
9765
1634
5977
6072
9734
8453
8341
9238
6928
9391
7057
8715
709
9775
6987
3909
9745
4387
1713
7142
6728
348
7393
960
1194
9424
6553
5175
5171
2974
8467
4935
5687
5523
1006
5421
3975
426
4658
1982
9817
1715
696
525
1489
7683
4434
1233
3148
7227
9454
954
8654
7925
2993
9849
8428
9547
6102
3598
3599
5647
8533
9287
1169
9540
5786
5145
9966
443
8206
860
3237
8902
1385
5805
7663
6899
8118
810
4125
8650
1764
2778
7654
5836
3705
6081
5382
885
9679
8982
6533
8211
9347
7702
8829
5132
3925
8794
6654
2130
9654
970
2110
2118
6775
9773
95
5971
1661
5299
4621
4504
8077
3353
340
2861
9434
6801
4825
190
6861
1357
8401
6207
138
7230
2417
5142
7102
9072
7273
7835
1120
461
9953
8974
1313
1126
4945
2974
6425
644
8558
5580
3997
8898
8441
4509
5698
3266
4699
2559
5702
4178
9845
5840
2486
3341
982
9589
2412
9334
7423
4611
873
8454
3584
2186
9580
8529
5161
6004
251
3718
2662
4248
3694
2182
9836
470
5448
4534
3029
2228
9792
3953
9148
2277
7294
1208
1865
784
541
366
5395
2493
8820
8979
4680
9478
8587
919
6560
8838
5716
9223
4165
9410
1404
4000
9880
7931
9614
3988
158
9405
7941
9306
2760
6313
513
4626
8176
2133
6071
3570
4627
4891
3627
385
5447
3292
1304
2007
2130
7020
1229
6295
7508
3712
1373
7387
1642
2065
2453
2879
2548
1472
3264
5309
7785
3777
1013
5960
6990
7084
608
2695
3053
4236
3080
8501
7528
5463
507
736
3561
2815
8110
1068
6527
562
9534
9248
2627
1987
2126
5176
3459
5390
1563
1244
246
2576
8283
8315
738
8892
1009
3792
4206
5168
2292
2812
1709
3878
3549
5270
6693
1658
6338
4298
2220
5871
3545
5927
7858
6750
2181
2396
3219
3744
4719
4544
7399
3001
2858
9216
2971
4946
3007
7177
113
6378
9990
1822
1334
4617
8171
9106
7354
4508
3403
653
1457
8027
6580
394
5856
9840
2790
9075
4662
7509
3618
2060
1588
7555
2354
4560
2500
6441
2815
3692
2818
3883
6593
4153
9579
4763
4337
6933
349
7741
7586
1806
6846
5244
3279
3780
5083
6069
2854
9745
4656
7551
2883
7324
6184
5237
2962
8684
1677
6856
2375
5575
739
46
806
317
4809
5143
8329
6237
3962
5914
8044
1887
2236
2401
5667
7319
8471
9601
8142
4205
8230
2103
1528
4414
7341
5569
3097
96
2425
6552
6750
4243
6598
7556
5639
2486
3778
3968
9802
8819
960
8924
705
3197
1325
6373
1594
9796
7052
815
5079
5281
2918
7687
9695
1337
3255
3871
2513
6759
422
9263
1001
8099
7898
6641
1663
1675
608
1465
493
2647
1467
2278
5844
2792
8651
8518
3666
6781
9333
8746
2061
2250
7511
1756
3588
1844
5627
7180
8604
7128
6442
683
5226
4339
8403
7969
7093
89
512
8666
2737
1979
943
9660
4772
672
8177
8438
7453
7509
8262
9514
838
5772
2348
5505
8696
9054
2684
7299
6181
9126
9061
2486
4544
7464
454
1636
7553
2045
1380
289
4024
2323
9950
8796
2995
8126
8313
1526
6714
6574
1040
7552
3425
4467
4135
2120
3521
6819
497
9702
7023
9558
2187
1566
7021
3720
4282
4574
5765
5662
5942
9790
9065
5891
9664
3138
5096
9055
4665
1809
6708
6784
439
132
1250
4574
3331
5850
1392
4907
5552
8415
5543
8818
1060
2564
3617
5342
8217
9382
2082
4158
249
2225
1128
992
5364
6224
46
28
9112
6754
7891
9551
7965
219
4124
2374
6070
5516
7281
1621
5009
2824
1517
6069
6467
5134
2489
5762
5595
5651
998
6923
7876
2126
8994
3239
9429
9041
4346
8540
6873
2236
8090
5917
2456
2213
8291
8526
8808
6651
1225
4896
553
3821
964
8099
34
4533
4939
6708
183
5937
4709
9138
9143
3703
2377
8571
3822
7802
8190
694
1117
6279
7690
3573
9572
7060
3177
9458
4789
5481
4353
6421
380
5318
4519
414
929
9458
8201
2191
6473
2910
1328
5615
6613
4784
5265
434
3665
3454
2207
4782
811
9898
9434
382
6957
3689
9841
2824
9170
4193
9245
628
589
3763
2122
1518
4299
322
4788
1850
3232
7196
7466
923
1979
3809
2436
5644
7263
4644
1504
8074
5620
937
9536
3655
4626
9376
6479
4874
4647
5723
5503
5237
564
7625
7834
5942
7947
3701
7792
2258
896
6336
4260
2875
144
6697
9599
7407
2419
1102
6560
9118
3119
6095
2772
7745
6549
329
2619
1195
7131
9201
7511
8774
6825
6424
4715
5850
124
3585
9187
1020
9922
3447
4974
65
143
5651
8552
3641
7833
6190
2758
951
3363
6609
9775
9912
8017
3472
2185
6226
2672
9697
4999
575
6120
9714
6426
6244
3298
5612
8343
4298
137
3316
4364
1359
8968
3994
5000
6800
183
8837
7751
3546
5445
8604
3457
4540
2076
5642
765
4748
6417
5764
5324
3615
6556
2828
937
933
8440
9280
5231
8578
2596
673
1015
2642
4667
6016
9442
4850
4852
8271
8396
1376
6874
2931
6995
8950
9653
7761
4777
7148
4603
1179
763
2238
4007
1700
3171
3525
980
9481
3181
4655
1233
4197
7297
5900
212
7817
1829
6143
6087
224
8598
4039
4235
5593
4068
3887
4432
8845
1034
113
1102
2876
2351
5109
4577
6601
8634
6636
6082
2894
1290
7315
7091
9666
4293
8382
7482
6122
5603
4647
7426
4201
8686
1660
872
3832
6626
6383
3755
8739
6496
4857
1615
8848
9966
7271
5448
9679
3906
2608
2572
5196
1001
741
4861
5295
9123
3421
1416
4725
8068
8842
4
7832
1580
1955
1664
8206
9417
6498
8024
6992
1355
9639
6918
2399
6909
3444
2077
1893
6053
5728
7089
8133
6469
3028
3427
6670
7528
5923
2474
5595
5843
2478
4505
7424
5513
6169
6708
6008
2667
4731
2999
5101
5448
9917
7500
3435
3361
656
5328
492
6384
3495
8625
2853
7602
3131
601
5129
9054
3075
1802
4896
5554
6308
3398
2145
3555
106
8153
6222
5916
2231
2401
2443
2147
9902
5878
6587
557
2285
7079
8020
6859
5704
1951
5540
9914
2553
668
8967
5628
3550
4941
2260
9858
8340
5484
3412
9525
3637
713
6519
5868
3114
8962
9094
4094
5919
5681
4651
9283
2759
3750
6141
9542
5701
2759
533
8254
4507
9500
4961
8057
5520
7221
7914
3859
2705
2404
4462
7421
3117
980
4367
6232
9943
4539
1404
6940
219
7135
6222
4058
884
3441
4678
6585
6201
5212
5918
707
5790
878
8764
1309
9178
7756
6247
2961
159
708
1460
3277
1689
6906
587
2710
1445
3070
9650
2743
204
6950
6801
1088
390
2558
8753
7670
8849
5749
9456
4638
7706
9298
7027
6883
7053
3273
923
7213
5061
2383
1568
7829
368
3234
538
1813
6304
1266
4556
7588
9295
2436
8676
763
6073
8507
8434
4921
4255
7889
637
1960
7187
7664
9923
5318
2016
1924
3609
7077
5386
6256
4905
5754
9490
6522
7567
6873
8867
3202
4460
8161
5638
4214
8924
2789
2721
7357
7710
8055
6325
9426
1094
4590
7090
1016
9908
184
2940
4596
8340
8326
851
4323
5159
341
844
2725
8293
9711
7006
2752
7871
3722
6966
7873
6511
765
6309
4220
8821
3712
3646
9915
8302
1814
2009
9288
3077
6028
3883
1416
5432
5814
6818
590
7234
7662
4395
5526
8451
1400
9357
7400
5123
7401
5272
1633
8167
1580
6933
8066
6371
1657
9059
4672
4550
1067
5039
8706
8174
0
121
3605
5814
6939
5275
3047
5679
9670
9652
4129
2148
9008
2607
8350
6409
7879
9984
5654
538
7995
3719
7988
9652
3856
2660
5280
6002
8778
3985
4175
8778
5185
8859
5671
3202
5212
9797
8881
5960
9449
4088
8109
9535
6695
6458
5943
5652
7520
2675
7269
5514
7473
5257
6244
1328
8996
2602
7330
8852
6587
2583
7629
1771
2521
4378
6052
7733
4175
4932
3693
4702
98
2880
4236
7872
9338
1258
4603
6858
3933
2950
3450
1406
8207
773
3813
8281
3375
2222
7132
9963
4805
5840
2812
7326
217
8865
6138
5471
4875
909
1251
4974
3789
6567
2845
3126
7825
8527
1062
2836
1477
4513
5321
9684
5286
9135
9044
9740
1356
6175
9702
7240
3093
2514
5645
4390
2457
1782
9861
7332
2691
2191
2305
6480
8758
6230
684
7661
4756
1747
496
6233
7339
5818
6996
3703
6031
6039
3442
7387
3292
4223
5705
7465
7816
1349
1854
272
3131
2793
7604
6901
4984
988
4459
4820
8297
5144
2480
3052
7970
2977
364
6387
9874
8439
89
6983
5556
4610
4369
8848
9912
1152
7391
7727
2502
9245
7999
6712
2038
6682
3613
7022
7670
9151
2921
7045
4294
5401
96
3342
9457
1539
9729
9330
9978
896
6312
5533
6586
1759
5460
6497
3991
2850
4224
6493
2095
3301
3204
5212
9983
7896
3312
8731
8126
6233
5775
3498
1634
6951
6841
1090
9569
7648
1499
625
8545
8890
6158
6209
1728
2696
2705
5719
6626
8008
3290
9800
1309
6494
5011
2370
5469
8323
2180
3594
5635
9034
7092
8348
7063
5011
9438
6632
2659
2015
8336
2282
1984
4493
8491
4791
8269
2274
509
4894
282
3799
4693
2670
1371
782
6119
7919
183
9378
2591
5818
8412
762
4165
6553
5773
4682
4263
9511
7776
2598
1792
9760
7092
1361
4550
6439
4715
6138
1332
6076
1015
7104
8746
3466
8965
5943
1384
9148
5321
5055
6045
4811
5817
209
1363
2668
5970
5627
2179
3746
8225
5050
4584
6395
6412
213
2833
2205
7430
5244
8281
8446
3426
8105
1911
2390
4047
4374
1538
446
9429
7583
5257
6324
8871
6621
8993
4841
2247
1171
9666
471
6221
5328
6867
3711
5541
778
6995
2971
6023
5275
2495
527
3379
5485
2918
8506
9859
5535
8952
366
4196
4209
6690
3066
829
5682
8986
4155
7932
9730
5705
5232
5058
2571
21
1677
4429
7017
5727
1530
2291
9301
2057
6750
4785
6054
5255
5723
1588
4206
6089
5784
9494
3857
9930
1401
618
9994
5556
9629
9724
1261
4860
5860
4911
4882
8616
418
2977
4343
1948
6347
4722
4006
3096
9508
59
9430
5230
2727
4715
2397
8511
4208
7333
9519
6689
7951
9513
2244
7580
314
4584
3518
7253
574
9479
5868
992
2455
1289
2941
8803
6012
8026
2977
5519
9164
2407
1827
1890
7122
5303
1480
1329
2635
998
8018
1665
1589
1341
323
1903
7004
3841
9156
7578
3320
6103
9650
6854
7392
2590
6735
4482
1694
9713
0
857
2119
2906
3827
9241
8209
6386
1648
1923
7384
745
3588
52
3165
3911
3034
168
8831
2190
8826
2150
9372
8475
83
6763
2143
6818
1245
3837
6530
2324
5773
9728
6310
678
46
5597
7064
1695
7520
5527
3519
2186
5579
7763
7176
8613
7931
6007
1881
7835
9236
1252
6309
9319
9095
8452
6137
339
3367
3745
3742
9141
3473
51
9819
3519
6728
7962
6293
4247
3488
890
7513
9067
8653
4688
8758
7663
694
1718
5497
9931
2970
1806
9249
2064
1336
6464
3482
4704
1288
8304
3844
4761
9434
4741
9359
6161
2702
6731
408
6190
7621
7921
6335
7353
3687
6172
5015
4382
7890
511
4312
1938
3396
4639
5082
4733
2182
8564
9437
3470
7946
3280
9310
7380
8021
8668
3540
1802
6477
5027
7992
4098
4026
5406
1450
7714
2656
7544
2095
545
8055
7486
2483
1451
2124
8644
6184
5385
8287
5620
8855
6232
9979
8164
3611
9078
7911
8231
879
4387
4336
9951
9564
8363
6435
2092
7155
9091
9636
328
714
7691
7814
4276
220
1016
2920
7483
6402
1206
3102
6335
7438
4159
4499
2128
3236
3488
358
5195
7875
4694
5145
7439
4135
2658
609
1289
1748
245
1617
2462
7936
509
6738
9235
2605
736
6717
85
1942
897
6420
9381
5056
1997
1508
9371
5485
2945
4565
4439
8718
788
2956
2853
3446
3565
4142
6273
3810
6839
9814
2824
8427
7631
2058
2110
8367
8775
2195
309
9672
9695
768
5806
1691
3355
5177
7177
6300
9742
2694
6096
1609
5650
8949
5055
9215
4170
1328
3025
2087
2220
5849
513
9851
7908
2624
8218
7761
5898
9606
8512
5592
373
4317
8363
4807
9494
6618
2185
314
9312
8281
1923
4961
7230
6978
4175
1399
9385
7200
4565
2684
4128
5078
2534
3114
8781
1830
874
5758
1435
9386
1349
2887
3703
9712
7694
4275
7408
9879
4589
6719
9239
7591
1679
6468
5648
6934
8946
5032
4133
3510
8795
9340
9667
1329
2453
9527
3159
4407
6363
5674
3792
7712
8561
8574
8503
6255
3928
6989
7212
9596
3708
6450
7187
5387
3996
2834
2320
4020
8945
7533
8609
7740
7951
8276
147
404
8881
3306
4811
5243
8980
9682
4033
8620
9335
3614
5953
4341
603
3164
3936
4311
693
1122
776
5768
5035
4176
9789
3980
1708
8397
2798
737
7751
2945
1141
7710
6251
7031
2952
6310
7792
8065
4929
7126
1678
881
1466
3360
5124
6481
7671
