3771
8085
608
2252
3994
6453
2855
5300
9888
4706
7450
6009
6038
8573
5423
4314
5771
3058
4563
8981
8447
4592
1461
5236
9081
7644
5155
1297
1613
2718
9102
5384
803
788
8715
4797
7241
1570
97
7128
6276
8626
3136
3392
7198
8560
7706
4047
2696
3348
3027
2221
7940
5567
7457
8099
4290
3690
474
6982
6409
9576
3444
8291
1442
2158
3087
8684
3728
4263
5811
1082
3967
26
4474
1164
9665
3259
6290
2360
6607
396
4582
5625
5963
3117
4802
1331
7887
5276
8313
5374
5930
1756
3664
7372
3915
7830
6055
8722
2093
2945
9805
6060
4050
4278
8304
3714
8616
4593
7153
6301
4989
2813
1925
2031
7010
7806
4441
4896
3081
2754
1348
9011
4510
5012
7462
9504
3920
3516
8226
6013
7540
8030
3152
2668
3386
2534
6382
2002
7127
4614
8303
3195
7427
1307
6305
5515
9113
745
410
2194
4578
2837
2283
9089
8928
9745
8592
2848
4340
7896
8861
2958
5925
3091
5627
9312
5625
3087
2392
3831
7701
694
8105
6207
3080
5488
1721
2193
7312
3211
5466
1890
6048
8828
978
4976
8573
648
7824
3991
8545
7763
6949
5548
1933
2575
4859
7558
6742
8330
2467
4442
103
1650
1727
3183
7138
3449
6455
4450
7739
2999
6340
4865
1827
8397
9841
1478
123
8743
5469
9747
7585
3496
5295
9518
7151
1232
8154
3892
9563
621
9413
9666
2271
1140
3927
488
5668
382
4938
3406
4460
2356
8271
6287
1831
9191
8844
1954
9012
4312
1701
6596
8888
8075
7192
6038
9307
5346
9930
8869
7046
9342
9613
395
1560
3540
883
7228
5001
6900
1712
9461
9256
1062
6827
2165
1331
5670
4120
342
1061
6900
8018
9949
4974
5209
5986
5359
1633
5915
5307
8679
6335
4919
9075
7896
9538
9958
6202
4538
7937
8994
5078
7192
55
1904
436
1386
8653
4556
2807
9714
2534
824
9662
8587
6034
6726
3945
7667
3719
9252
7425
54
5250
6499
9029
4787
7535
5230
404
5471
4223
5482
3742
5357
8465
4178
7822
7117
9813
629
6831
3425
1453
7571
2011
8566
5376
7035
7312
9095
7366
4736
227
2615
2313
9256
8481
926
5565
8885
7477
866
5445
2297
6224
3909
6475
4045
1026
7366
4674
8936
1869
7207
7585
3880
6851
2960
1993
5241
3134
9359
1055
3361
3052
3368
2617
1533
5374
9261
417
2850
126
6942
5147
7429
850
2700
1474
2955
1144
7227
2969
3013
5512
554
7972
3442
4593
9965
8683
7727
402
9739
1088
3454
4185
4784
4987
9559
4044
6484
3487
5249
3425
8634
2678
5354
2412
5231
9389
3556
3536
2357
6569
127
3990
4540
3569
9663
5584
2251
7389
5986
1989
9556
9440
6175
5418
5506
6812
540
1989
299
5790
6493
11
9547
1846
2424
4777
2313
7059
9392
4671
4707
9519
9740
325
3087
9402
5909
5339
7870
2973
8407
8504
2413
5660
3922
7919
2472
4462
986
2771
1330
7479
3861
876
403
6285
6732
3796
3344
7203
9546
9130
6721
9285
9455
9809
9766
5364
6226
7635
8337
4632
6138
1828
1371
1138
825
3843
6680
1811
7693
8010
368
1553
9966
1851
7839
7776
5647
2261
4978
5192
2469
1699
5555
1923
2586
5320
7287
9891
4033
6703
4522
1250
9610
5893
2388
435
814
9068
3325
8507
8157
4773
60
8122
7703
8978
6976
4428
2317
1954
698
4786
4732
6253
6709
7318
2652
5075
7208
7764
2856
2808
9014
3544
9781
2481
3979
594
1548
8384
180
9705
4235
1319
8905
1937
296
5881
7444
3692
8914
8142
9557
3645
5473
7344
962
8125
3497
9249
6968
7432
3135
5981
976
2915
8462
6034
4589
1089
5496
5848
1872
9731
7167
1856
2746
8542
8816
189
3312
7729
8331
2868
1373
4883
1290
3414
3007
4788
3741
9975
2219
6876
7035
3195
870
6575
308
5459
7664
5804
2385
615
5535
9552
2471
9360
9172
1286
628
2483
93
8959
5351
1466
4920
6641
5959
7928
2507
9700
8981
4727
6575
7094
9001
7445
3669
9309
3982
2411
6192
7446
4105
2805
6997
7655
2164
6168
19
2792
9730
112
2830
5080
2657
7750
2800
8616
6756
6386
9394
6816
2191
7048
3909
2271
5571
8657
2658
632
2147
8850
8078
6252
1654
5075
3907
3819
2321
3926
7690
2051
4039
519
8210
7775
8270
2088
6391
6104
8475
6863
2919
665
3910
6829
2936
9482
6564
5595
113
8711
4444
8191
4963
7178
4344
9949
996
6666
3874
8686
9796
8992
284
8005
6767
8554
1172
4236
5736
9647
1098
8656
1390
5009
6563
4327
5569
3126
1000
6761
1837
6523
4951
6800
3700
9296
7827
5775
7040
1700
5540
7914
1771
5824
6997
9617
5456
8169
3852
1191
7815
6029
9847
284
2116
6409
5690
7685
9536
6690
4445
2451
4291
475
329
7992
849
8156
4845
8968
934
384
6881
2705
6208
3877
3400
2742
3125
7252
3934
939
4360
4859
2302
6476
2347
7992
5240
1882
4681
763
5412
8973
2317
5741
8043
3166
3896
3966
3212
4830
4351
92
8615
1637
5049
2014
4380
8174
345
9393
191
4705
4251
2494
2259
6598
485
8578
9559
6246
420
4970
6297
2737
1789
5418
5904
5685
9384
9116
1594
3734
287
208
6451
6415
3301
1909
4588
4725
1301
5858
508
6631
9431
2768
4308
9917
2424
4945
6162
2844
994
3537
5582
2783
8955
2564
8469
8338
2758
1141
3151
4124
1349
9602
538
5729
1510
6205
454
3890
2063
962
520
2572
4809
5907
2488
7234
852
9729
1156
1846
3265
6738
5708
2219
380
4176
1636
3139
5317
4787
7263
7745
4388
8881
4553
5898
5085
6086
866
8227
7048
1386
799
2936
7294
4366
1248
9225
4095
2404
1070
8439
9143
7857
1737
9523
2033
3373
3740
8429
8160
1003
7253
3626
9884
2884
602
6047
8970
1468
5353
6017
3933
6152
31
1226
517
1279
1529
5691
3684
3678
5209
3905
1535
6946
3427
3568
1397
8247
3075
635
9250
1406
4261
211
4290
5942
7337
3259
7410
2689
355
2421
9920
1465
3648
437
2745
5177
7207
6429
8856
2415
333
1469
439
4839
6116
1836
3085
9191
2471
3413
1676
7811
4703
7045
4831
3119
1383
3319
5808
2817
5741
5728
4282
9389
7244
7027
5644
4450
4534
5578
7945
5946
7047
8384
1864
4241
220
6028
3432
3770
9442
6187
2660
5223
3231
7491
8342
4614
810
5229
7431
7630
2035
2792
8097
9279
9819
4819
4807
4353
397
3830
1377
8523
2214
3241
2764
3513
9270
7275
8362
9790
4540
2100
6091
8850
670
5512
3464
2559
740
1973
188
3854
4765
8285
4211
5663
3103
96
1094
4579
3927
2471
4181
7220
5713
8024
732
6061
6377
172
5850
916
2273
1940
9766
2943
7452
4308
5502
9271
7361
5690
3124
3204
3974
7335
9946
8156
7432
1039
2735
2437
4590
6916
9657
1381
4939
1467
7442
1315
1639
4370
3310
3912
7389
4154
7934
4841
8463
3435
5190
6902
203
8315
1184
5256
6728
1130
3412
5238
3248
6147
7675
7838
4141
8410
9219
9080
9877
7739
1473
1516
2108
5862
6507
9498
15
4441
5417
9557
7876
606
7537
8080
10000
8722
4414
7807
9852
7826
4123
3099
3972
2877
2016
9192
1286
1234
9350
1163
52
822
2679
3239
7763
264
3815
8858
4705
310
8414
3660
1996
5951
2818
1995
5751
7232
880
5602
5058
5004
9780
108
7881
1795
9301
9167
4109
8650
1408
4161
551
5166
8479
8314
5431
2294
7171
135
3683
6664
3795
5679
3693
6613
8754
9444
4924
9634
5045
9982
5716
5903
89
3596
7699
468
3842
1807
9119
5250
7047
9670
1495
5525
9062
6926
8898
7312
7061
2581
3975
1935
8260
7668
9627
8092
7111
4550
7726
3234
5610
3441
9137
5700
8117
7914
6168
3037
9721
6365
9366
7846
6034
860
4450
6175
7786
3347
3486
5926
7007
8540
8940
6346
6207
8566
4437
4396
4195
2162
8709
9805
6683
8924
6583
5878
6838
3830
9994
7637
194
9359
5483
7308
1298
9933
3482
9084
4358
8047
6088
2444
6586
5027
8790
2792
4672
3226
8267
8867
6468
8054
9750
4229
6977
6333
106
3814
162
1178
1451
356
536
8013
7664
1834
9024
2224
1997
4460
270
9164
6904
6856
4191
5693
726
9942
8920
71
9887
6466
8125
9636
694
5102
5968
1879
9995
6130
3057
2524
7566
4672
1615
6308
7586
638
8533
661
5099
9882
9825
2002
7817
5094
8775
8543
5035
7694
9694
4921
5238
7818
4557
5932
3998
1603
7811
3993
8813
1946
7596
6378
6618
9212
3764
5282
9850
3375
5943
6027
3257
5768
9109
1073
861
7883
694
6976
6655
387
1896
1892
9285
7532
7824
3282
9136
6713
8354
9027
9738
5950
6483
6355
6240
246
2716
7168
3622
8659
3195
6879
4426
3382
9031
5288
1264
9725
2263
7919
1191
5238
889
475
3849
8713
3757
4063
6504
3190
3089
6241
218
9572
3674
6458
9818
6390
3625
4518
5049
7899
2475
553
1280
1505
6920
2544
2309
9183
1541
3500
5500
2430
3975
9349
2221
8811
3411
9804
2000
6500
7123
2218
7150
1876
9755
8046
9345
4459
2564
5472
2357
6118
6026
3638
7624
2945
7261
1011
3207
9882
4511
8707
2311
9565
9134
5612
8375
3623
5415
1454
1201
3617
4751
8351
5493
4506
7475
4837
8965
38
309
2400
6157
6335
7117
4859
9280
4378
5870
3565
5338
1459
3350
8728
1023
2483
4339
476
6106
833
1930
7307
4450
6682
6736
9943
1187
4211
4779
1230
5328
6167
3630
2563
2501
747
7422
2860
6204
4370
7504
1541
6908
854
268
7931
3337
5687
8408
522
6520
1416
8908
2048
8098
5644
1990
363
933
7848
1593
6261
5094
6303
8825
8674
8129
7325
1533
4332
2774
116
6952
9682
970
7220
8692
5386
3985
8178
5908
504
9594
5895
2552
8771
1538
5621
9134
2471
4548
1806
9811
9642
8109
8635
9394
6237
7039
927
1647
9813
2122
8599
572
3092
6897
342
8478
882
8520
5465
1386
9193
1359
5018
7963
3976
1717
8175
7526
7344
9981
7336
8064
9168
7050
7458
6483
4088
9464
8130
3900
1585
6728
4472
4677
3625
4815
4233
4507
4413
9698
6972
4684
2135
3068
3725
6111
4786
1900
3636
3208
2959
972
1272
2127
8022
8730
8610
2109
9272
7819
7088
856
5625
2638
6612
9250
8532
844
4835
4024
1621
2886
8708
3756
5954
2433
9868
739
4333
4582
3948
7292
5554
6299
497
4654
5028
186
7842
4299
8005
6008
6234
3629
8647
2845
3958
8257
4768
8793
2280
6389
2757
2067
145
8712
4500
1091
529
9912
5673
5556
8282
2306
1854
8780
8039
7961
44
6960
3338
8049
2967
9572
2756
2692
3495
6714
2028
8264
6586
4308
5731
421
6375
6955
9133
1953
8046
9663
1864
4798
5218
146
7104
8152
4
6221
6112
48
3180
9451
9176
7227
100
3010
997
4675
803
3025
4017
8468
7334
9748
8889
4787
6703
8022
6741
4748
8763
9684
624
3980
908
7728
3210
1991
5028
9323
2039
9287
9852
2293
6513
1030
5304
7511
5705
7186
535
9722
5653
8948
9470
4541
4814
7251
3641
2633
1998
2403
2316
2623
7463
4304
1429
672
6295
7536
9995
9414
6823
924
1706
3335
1955
8089
1924
8739
5274
3539
9540
926
2486
87
6547
7300
7338
187
1011
414
2591
4407
4116
53
8711
5546
725
5005
4160
1799
4418
982
3802
7204
5397
6836
5292
7321
5575
1645
859
5114
3650
4425
6280
196
2803
3617
384
3815
4031
4054
8222
8148
5186
6932
4772
6990
3015
10
9868
7434
993
3670
5716
6390
505
2086
4789
7159
3731
5649
3351
7382
1152
9631
7578
3955
3247
9041
7770
8358
3094
7070
7584
9359
4001
3434
6349
8096
3444
6216
6608
4437
9886
2323
1905
1470
4409
6695
8629
8141
3422
1980
6601
4574
1610
4178
8529
5937
4298
7378
4294
7392
4447
1877
6751
9528
5311
4178
7623
9834
393
4230
4271
1358
7632
7255
2828
2040
5028
1456
1259
8450
3436
7860
4102
6126
2038
3710
2062
7415
1087
6356
4806
6613
9312
2635
6140
5701
7892
4841
5534
8286
149
9805
722
7781
8139
3550
9822
3166
6085
2159
2695
9522
19
6797
6726
3136
506
8788
550
2672
5143
6435
364
5533
149
6504
1233
8041
2424
6767
7405
2573
6572
8127
354
5789
2755
1254
8955
8841
3413
1649
9441
3432
8447
6166
7647
31
4953
8197
3783
1174
4632
4147
6707
5860
1729
7940
3900
4153
4706
2384
7806
2356
510
8160
8145
3266
9414
8179
3185
3905
9828
2625
7338
9353
8791
4984
463
4822
4260
5325
7075
9971
9472
3781
5830
2279
2799
9730
7512
8584
2113
5317
940
3703
3476
163
8048
3968
8342
1232
7873
9249
3857
6289
9680
3726
2352
1221
9627
6612
6546
6701
6582
6017
1560
3490
9376
4359
3219
6887
2942
6412
2203
4961
1193
6758
6204
9241
1804
5624
472
755
4872
5408
7045
5631
212
475
6852
9839
8166
3398
7618
5826
493
9178
9316
9869
4615
3613
6755
8636
1103
36
3597
2296
6794
9801
2615
8598
6503
3087
9354
1375
9574
7477
8085
9786
9031
6015
702
7196
9413
9399
4100
985
8576
3415
1932
4269
8107
8688
2905
9211
8724
7581
2585
6597
7381
5201
6273
3883
9367
5626
6337
8941
4181
5500
9805
4290
1515
1586
2564
2006
984
6664
2991
639
1157
4924
4908
9265
4690
8892
9554
4492
6472
2138
2167
4931
8418
8441
9894
7785
5145
7309
7804
405
2809
8687
4695
5403
272
7260
7409
2336
3923
1479
4054
6160
7482
8962
6503
3250
7854
6056
8821
5404
9273
988
335
7691
9429
228
6554
5652
8616
4357
6057
1424
4122
1831
7906
5474
9091
6394
7810
4092
7873
1863
251
6433
1903
7833
761
835
3888
9582
6240
3161
1648
7654
1930
2155
7882
8484
7808
6497
3919
4943
9001
8041
6774
6906
3514
5864
3299
2402
1035
2250
5344
2365
9762
7248
198
522
9162
5165
1183
5401
9405
2831
3054
1334
4987
2014
896
3873
9591
5894
8816
9670
5014
6669
7654
9607
3611
2032
3088
4646
5361
8432
8091
5123
6758
8289
6724
5920
3453
8986
1320
2858
2896
5454
5271
7883
8547
7247
2834
8137
3140
2728
8885
9233
9397
6539
8840
3008
8571
1927
8733
3931
1437
6823
132
8196
5111
7936
4115
9644
6921
6514
3580
9817
1967
9930
8778
514
7176
2690
9730
1395
5419
9694
627
4815
6232
545
8902
5881
2472
7635
9812
4989
4457
1023
3184
647
8959
7299
1369
6958
3812
4949
6775
6859
4878
6631
8452
3133
9322
8181
4528
5819
7874
6234
1712
5184
6780
614
1064
330
9328
1955
5319
4863
4057
8503
6589
3015
6880
7958
1051
692
3985
8905
7551
9943
5536
6002
3075
5936
5261
8682
1754
4214
4915
3466
9398
1694
5159
1541
3104
4486
3496
8423
428
7553
8005
7017
1646
4884
4975
2697
5576
38
2681
4205
9981
8217
1285
4134
4152
6547
3894
6985
760
8810
450
1236
1582
6689
2777
5765
1174
7352
4188
1602
5983
3271
9699
8708
8155
4673
2484
4810
5790
5165
9015
6850
4460
300
2062
9691
7926
5957
6675
9765
5845
8204
1000
8506
4892
4857
4271
7146
3287
9538
9827
349
2808
9525
135
962
5276
2619
5772
2145
8863
5866
8995
4401
7245
1056
4091
5170
8092
1844
4934
3936
48
7013
2442
6019
2948
7792
4243
6236
7329
5149
7664
136
4673
7799
1098
1028
1497
7950
3173
1438
3815
2167
5840
2138
4302
9931
7308
2394
1775
3320
7409
2902
332
929
10000
3281
8721
5322
595
6049
470
8259
7264
5143
7136
9442
7250
8633
7391
422
71
2284
3668
5911
4422
9050
6920
2808
2522
9774
7207
1009
3754
7539
1939
3754
1898
1738
9076
3572
8867
624
2909
6130
6846
45
5571
4096
9757
4040
5597
9828
6324
344
6817
1824
9394
4816
4632
2994
4589
2917
4003
8344
1535
5942
3176
3433
8760
3330
8085
7626
3954
993
4834
1878
2117
405
5974
1874
4445
2650
2780
1848
2994
9598
3672
3466
4413
9384
6460
80
3379
462
9503
4914
7484
2678
9427
6243
7087
7511
4947
2119
9583
9781
3998
1700
1264
1050
3574
6789
3700
6354
9716
6694
7030
4466
1238
2521
4928
7698
3681
8308
9240
3183
3221
7802
6941
2647
5123
5106
157
69
7226
9741
928
2302
1440
2193
3352
6093
60
7053
3525
9776
4825
555
4241
6064
4155
9170
4840
7836
7477
5158
2098
1776
2959
9039
4424
8082
4144
5660
9230
2448
6479
158
4750
8998
3430
8103
5090
3490
6234
8616
4344
1058
249
9664
8201
5483
8833
4120
4398
7388
9278
6496
243
2237
5534
4667
1397
756
1405
627
3205
7885
1864
7955
6882
5294
7136
3051
9863
3369
1666
5285
5507
2994
4948
3707
9556
4860
8906
3953
3326
8184
448
3569
420
7061
9315
2896
7818
720
3523
2101
8605
5387
1134
5486
1759
9350
8537
2700
2718
1281
7985
9304
5354
2933
4090
5989
8872
2995
9942
2197
1178
1469
5767
2677
8530
5081
5574
7426
5801
175
9527
5484
6642
1740
2049
8401
1089
1664
2180
4886
4025
164
4190
457
4176
8280
6446
3047
1274
6388
5245
3532
7857
2090
6209
7465
8250
2861
4891
5130
3037
5496
613
9679
8315
3741
9158
9404
5406
1337
4290
9431
2581
9559
9888
7836
7838
7413
883
190
3800
7207
3722
2735
375
1010
199
8625
3871
6169
3754
7987
1665
4368
7665
9980
8109
7902
462
4593
317
5831
5102
2898
5389
6069
1813
3226
3481
3775
4495
8360
981
8218
1094
1356
9228
2372
1059
4177
9621
4814
2164
2364
260
907
3422
9448
8809
3884
4041
205
9715
221
4182
5103
6290
5995
9408
9771
9770
3903
8130
1829
3199
302
4264
3505
3754
5324
7682
3374
137
9846
5738
1476
1832
9160
2002
640
4123
7122
1924
3837
7344
6107
19
3633
2101
505
4483
2950
5487
3691
4779
8686
3994
9044
2190
8827
4367
951
2200
5583
1875
9017
8138
3707
8176
139
5427
2298
7262
7351
7215
4605
3457
8313
9317
6638
8818
3799
9588
4305
7491
4366
4069
2563
4488
7339
1389
8855
8290
4668
5516
1243
3684
3653
4951
1859
3793
377
5237
2133
8807
2451
6738
3343
1842
7133
1059
659
932
646
6043
9502
6091
1191
2064
579
8530
4532
512
7898
9200
6029
9141
2883
760
5170
5821
4553
6626
1057
6686
5433
4587
4502
9855
7508
1635
913
9247
3646
2638
5289
3147
8729
7559
5211
386
7167
9743
899
5064
20
8007
5284
2903
8767
453
8724
4399
7080
860
2163
3591
6526
6666
3445
4034
9380
4358
4359
3025
8075
9648
7251
6803
8286
2461
8269
5452
3282
9168
1595
3302
8253
7958
7284
7019
8411
7086
1417
6569
9025
3581
1238
6630
1325
4683
1742
1783
119
6101
5887
8194
6827
3137
6076
5112
6677
4344
1643
1037
4590
3238
5418
2842
1195
2701
939
684
865
2357
7254
9891
7017
9571
6520
9421
4254
9341
1203
5452
5441
8169
4725
2267
1305
1879
8459
9061
7302
101
97
1891
3339
5515
5812
5613
9295
6751
6297
159
186
4629
1128
8282
4200
8727
7702
9533
8067
9984
6063
3507
8152
1866
6854
535
3745
5312
9596
1046
5413
9693
4016
9831
6286
9828
5443
5580
7658
1739
6819
7844
7448
7947
7205
2726
6674
4906
2258
4740
5969
9400
9327
5199
1266
7259
6814
5011
2570
6409
7137
9062
7181
1152
8892
3466
980
4334
125
8638
7152
6944
7560
5678
4890
4764
8404
2642
749
661
8462
7797
1140
7788
4074
2406
6125
887
8496
8695
7297
5632
7756
5556
6785
7726
100
8844
3138
225
8560
289
7169
7198
7047
3138
3041
5450
5780
3790
7191
4241
2665
8331
3107
6739
736
9232
7627
310
9005
6002
5943
7839
1557
3806
5564
1657
3728
9781
1883
3366
1149
130
563
8196
4347
3604
3645
127
8473
835
5447
1137
244
9634
7877
2059
9944
6582
2370
8949
2583
9392
6787
5219
4276
3430
6876
8004
3210
9838
1369
5438
1047
3011
3633
5394
7695
7279
6600
6167
9193
3126
8384
516
2759
7339
2575
2702
3920
6024
2729
7582
5415
595
2800
9691
5104
754
8773
9393
1671
1220
4831
3797
4232
8464
269
1926
6821
6870
8093
7093
1074
7555
7609
4912
4893
1262
8693
9892
7287
1422
7473
3780
3096
1351
3471
8200
2106
3322
7592
4856
4543
3501
8653
8775
1965
8922
700
9865
6870
9872
8036
7944
8506
6723
3934
3398
7986
2627
3290
6351
5128
762
130
8224
2114
4680
7502
5299
8003
6172
154
2545
9674
9886
1319
2717
8807
3098
2581
6756
4048
1696
5778
2553
8419
9713
7031
6404
3418
320
2754
8546
2161
2885
7848
5354
7565
5349
1731
5567
1520
2964
9191
1193
2849
509
3910
2735
4686
7571
9491
8735
9267
6347
2366
7685
6059
9397
5168
555
795
9001
9101
2957
2964
8027
9390
529
3375
1121
7175
4896
5164
6366
7168
8014
7954
2157
748
3719
806
1317
3532
1151
7664
5898
8836
4802
6374
5082
6436
7169
4083
5537
1204
7047
3563
594
8655
8018
2794
6909
3992
7958
4353
1159
7050
3385
4395
8877
7104
5201
193
635
6352
8937
7613
6267
4817
3986
2427
1252
1154
6510
7868
3438
4636
2510
5111
4369
527
8984
2356
5598
6941
6709
7836
5070
94
2231
3946
8277
7432
5219
9992
4863
5234
7604
1129
1129
1589
3556
2381
3822
1145
1328
7260
6860
3838
3449
2307
5444
2432
4664
1041
9374
1372
8877
5522
2545
2186
9468
822
697
5765
1892
5560
2077
9496
7768
3206
2163
2402
6667
5985
4626
7995
4324
1485
2911
7773
3793
9434
205
8457
1553
657
907
1508
7258
3453
3695
7804
5354
4392
3569
8325
9952
5646
7820
8798
9932
9983
1199
6598
7046
5826
5671
2448
7311
8582
1300
2182
9094
1505
1717
646
3241
2625
2154
498
7157
6928
8302
3589
1319
2949
1913
2349
9675
811
1146
9606
1872
2346
6203
8918
8172
2952
2445
6561
1533
3745
9823
1705
6329
2618
2351
9570
5243
5584
1146
3478
2512
9448
8146
3831
3476
1137
7260
3150
3027
8406
2755
4899
1830
36
4896
1080
2988
7341
8721
5600
1085
8543
7305
7414
1160
9656
8062
7483
6318
9208
2039
8830
9734
1264
3740
3209
2401
999
6359
5429
9405
9114
1406
1235
228
6302
2315
3216
3642
1035
8816
4727
656
7199
3219
2896
7933
1280
378
4251
487
3496
3080
221
4760
6820
3430
8241
7819
9790
3669
8303
9982
5075
616
1289
1377
4010
4505
6098
6125
4400
825
6781
2677
5123
9677
610
6404
1133
4861
6891
4630
7941
8191
9390
5840
1621
7630
4737
2489
2377
3039
3549
8532
4734
4838
987
8745
422
7085
4869
5901
8989
2728
8578
4112
2405
9188
1594
4617
5127
8485
9247
4147
6676
9716
9987
9376
7345
5802
2943
801
9921
6492
411
4654
2409
1398
4477
3910
9562
9346
9811
9630
2074
9467
3741
5558
9734
5335
1253
4860
4898
500
9007
2652
215
71
2027
8639
5874
4970
518
5794
2541
929
1526
4950
3406
6004
8860
2968
5349
9749
2597
8502
9215
7417
5138
26
3830
6392
4887
8728
7971
4972
2459
9265
5044
4486
7903
1996
535
9501
7790
3076
429
394
9105
4915
6398
9043
7883
2826
8791
1558
2406
9084
8975
7545
9111
2804
5015
5076
2610
2985
47
5069
2249
6170
634
1230
8166
1169
730
7034
5324
2239
7429
5507
7154
3826
4549
6115
6652
4418
7673
9059
3501
6647
7682
3690
529
2696
8766
3139
6760
9893
9288
9009
6062
9922
1317
4228
2169
2048
1261
7493
5366
8690
2999
2519
3595
8627
9713
1325
3044
7385
1462
6545
5110
222
1314
5639
2918
79
9857
756
9972
9144
9765
7113
143
1082
1340
2312
4209
3680
883
9575
3449
4961
3172
8123
3587
3963
9448
6631
1347
1989
4255
6457
2211
5569
2095
6209
6727
3030
6965
7778
3253
7809
4890
3396
9970
7309
5709
4178
988
7671
4831
4437
2632
9082
3638
6219
3044
3086
3929
4391
5075
8184
1926
8365
3752
4021
4573
1557
8130
2617
9335
1382
425
4224
4779
394
1532
1566
4572
3600
315
481
9116
2947
9563
2754
245
3685
6919
4174
8076
1993
3436
1
1436
8267
5101
7089
9824
3230
9706
9159
5692
130
4461
470
1603
5994
3115
7254
672
3430
7735
9788
6378
8376
2541
7702
2060
9460
2954
135
2531
6390
1215
5047
4656
7395
2135
5558
1703
1840
4716
7395
1970
9178
8944
4652
6250
2058
1905
6922
6568
9640
6709
4024
8015
329
1725
74
867
4679
1288
4478
2147
3582
9525
7882
976
1659
3439
3758
3499
8156
1153
6548
8412
1175
1199
4661
3234
3104
2661
9802
3822
448
3825
1836
1856
6629
2989
2724
2386
5356
7202
4533
8938
6726
2414
992
9464
6932
4750
2962
6166
6982
588
4577
8158
2866
316
2470
5970
4056
3350
870
4505
8254
2706
6361
4882
6774
9085
7268
3208
7365
2879
3224
5169
6372
4216
4632
3303
44
8673
9470
8106
9261
5125
7342
2126
6521
9812
9175
576
4240
44
5081
2493
3829
2521
7375
1681
2684
5721
4889
49
8600
8113
6297
4971
3407
929
9353
4531
680
9901
3715
1020
5026
1056
3146
1546
1946
3400
2122
6186
4523
8283
9758
9432
803
7132
1112
3487
3931
7081
4615
2530
6272
912
8580
758
2920
7932
5289
3600
7833
82
4620
3937
1138
8846
5483
4163
2245
8684
1427
7847
8045
1184
7278
8848
9395
9470
3414
3325
7629
9108
6934
3900
19
5513
4658
2939
4523
1025
6540
3434
1107
1159
7371
3324
1083
3932
7487
3328
3695
9993
2254
1739
1176
610
1666
1649
79
6159
4974
7708
5266
1907
2687
5286
8499
7345
9304
3022
8371
5843
6456
556
8082
4906
3881
9165
8838
2446
3572
2532
2439
6905
5351
4694
7515
7017
6344
8674
3175
2396
7460
9520
4304
146
4805
3881
8571
4109
7982
6941
1030
5517
7497
190
422
2456
434
338
4903
4006
2871
7342
1989
9301
2035
9504
6317
9458
9256
570
1854
6716
89
7237
7941
5974
1117
6511
1161
178
4530
3270
5695
3106
3461
6117
5562
3895
6455
464
8980
404
8885
2047
9705
1999
2629
7100
2535
1885
8749
4389
9680
8839
2704
7620
5891
4901
5210
7052
5079
818
1400
773
3924
4861
6890
565
9835
4423
2108
9893
4828
993
1939
5611
4071
4569
2711
6606
7533
2538
2074
7212
1376
4778
5910
8346
9679
1119
6476
4757
1938
7877
5530
6941
3816
3498
7506
4730
7922
9615
4622
3828
1686
7641
517
5757
3288
4307
3441
820
6846
5515
9111
9301
293
5020
7647
9972
7219
4122
5808
235
3077
1337
7176
6894
4836
5761
1623
3836
6454
7324
8743
8140
6043
9260
4975
409
3567
8416
2308
412
3931
1418
791
5303
7518
8438
6353
4736
3639
2160
6050
7795
3498
4304
4688
9413
64
7390
4327
6518
5793
3069
5736
2914
3407
710
3324
6974
205
5632
8465
5215
8130
9257
517
5647
8773
6870
1461
2411
109
8590
206
3607
2893
5973
4098
4037
4442
9504
1633
1313
2572
7370
4227
5979
9159
8630
4032
9364
4262
3575
4578
3470
3910
6174
9117
2683
3044
1656
6173
3153
245
7458
7839
4217
3431
3015
8254
8952
2518
9888
264
6169
7257
5570
3226
6415
4200
8337
6858
9541
1912
1435
3010
5822
7610
3205
9584
1732
5940
5757
5964
6185
3214
4881
401
7724
7896
9735
6675
1492
9622
8018
7661
7957
4667
886
4371
9946
302
2307
9486
2214
3743
3574
9115
2431
7858
8699
4163
3797
4455
1205
1060
7669
6086
2540
6472
3981
2274
4225
6552
1895
2243
4212
9852
7989
6177
5302
7934
6479
8688
7419
9772
2430
2071
8887
5940
9929
7585
1181
4804
3118
2386
5864
1865
8472
8404
8337
3531
678
2562
82
3652
5884
5373
4583
3872
2629
963
1805
186
9651
302
9959
3160
3452
8845
9100
4459
7508
281
9263
1704
3746
5126
3569
3297
3529
2985
7907
5286
6626
9069
8939
2509
4441
4600
7460
8149
5563
343
8336
6292
1724
8294
9452
5176
8217
9631
9635
6803
990
9976
8507
4736
5101
3154
9112
9709
7218
7019
4995
3843
6087
5012
7431
1606
690
4890
9756
6253
6312
8091
3623
8036
6384
3075
4290
5679
2705
5003
2481
3695
4978
2066
9510
1157
6299
8622
866
3517
6719
6940
7360
2805
1951
4791
4411
2641
759
5245
9973
7072
3335
3595
5107
797
7749
476
6476
1532
5479
35
5227
1536
2101
5816
2693
8401
5516
3559
1917
2234
498
355
6118
3528
5146
1607
7248
6985
6853
7220
4056
187
1894
241
2064
9643
717
9619
1175
6197
9655
7481
8812
2834
4375
1504
2313
9891
5064
5309
3203
6641
5665
9321
169
1889
2007
7417
8874
8860
5716
4008
125
8689
4250
2189
9410
6046
1808
1663
3321
2541
9145
2132
5375
4598
3637
8768
5568
8701
4076
8771
6420
819
9171
6589
3788
1177
5085
2661
1115
1879
7749
1240
1646
1998
4509
1055
9123
7396
2719
2444
9937
2942
4576
6390
7540
8213
6236
4186
7992
312
4036
4412
2210
4285
2079
5998
6541
7164
9739
7656
121
7487
9975
1767
563
4483
2823
9686
2957
6621
2129
3972
9563
7785
1441
8181
5997
7677
3446
5068
9068
7482
9480
1278
1766
1558
8355
8307
9802
8093
5962
9923
6658
7015
2769
8300
1498
6671
7986
4455
3291
1193
9507
3932
56
947
3191
7133
8624
6637
2200
7692
5197
1679
48
6963
4316
8403
5269
4117
7575
2309
5119
4232
9325
8967
2532
1901
5637
1596
7435
6
3868
6941
5017
3925
7888
9287
1057
7591
7003
4336
5282
2199
6015
6409
9163
1409
4811
5510
5527
3464
7820
1724
7697
8223
690
1307
123
7406
3982
8637
7412
8929
5578
3507
3932
4544
2793
4989
2134
9796
403
