7416
3074
6418
4903
2236
7828
9715
8825
4433
3178
7723
7236
1953
5945
7926
4339
7147
5331
8321
5784
3821
7250
2440
8407
1181
6984
1199
7250
9119
2074
7653
7613
5148
5150
2516
8463
4056
3309
8366
9568
7566
6089
6803
598
3112
4728
4937
1338
1137
3258
8201
6037
1586
640
4443
3846
8703
6721
1095
7821
9874
9828
6513
6100
6056
9029
5641
111
3416
4007
9679
981
95
6481
1579
4286
2287
6517
5624
4503
853
3824
1618
3518
5543
6061
7364
4246
3860
9539
3145
3734
444
9658
9834
6500
8686
5475
6611
3180
9482
7368
4162
655
3848
6820
6020
7214
4415
1644
1716
5268
6547
3334
9865
2090
473
7229
6336
4333
7846
9481
9146
8290
9139
8980
4789
8903
5533
2478
3162
6093
9846
7324
7827
4772
4143
3846
1985
9638
6569
3701
5984
3116
8114
5849
5206
8587
4156
2620
3998
2001
2100
4223
1369
2317
3202
6158
2299
9814
9715
5461
6985
9560
3863
4811
4331
9085
9736
7395
8722
6305
1095
4706
9421
287
554
5705
9953
5789
8325
5029
7790
1503
9252
237
3821
3532
6395
7199
3345
7188
3738
329
6747
7601
6219
2156
6685
5955
9551
6486
3338
1724
1191
2758
3090
2824
8463
3042
8613
6787
8071
7481
9369
7323
7718
3189
854
5191
1466
5279
2378
5204
6687
203
3883
3985
3438
568
9940
4067
8133
4356
5791
9324
7114
9960
3226
6655
3001
2917
4520
2150
1476
3888
9473
9194
8157
1406
5463
9623
7764
8920
5906
4450
201
9789
9514
3639
1435
531
8785
9568
4887
5654
9970
2000
5613
4274
9734
8614
7191
4253
763
8667
9221
1315
8939
7377
3800
5480
8078
2642
5478
5062
8171
5679
4851
7685
396
7365
8216
9181
6933
3103
4834
7981
6182
446
2255
5916
138
9446
1247
1981
9192
467
3296
9209
8923
8175
5768
8080
816
1245
3141
8987
6925
9071
6671
7321
6436
4887
7581
4447
9069
2414
2427
5250
3940
4682
2244
4078
5207
4571
6059
5477
5038
433
4685
5040
9687
1531
3119
502
2777
7339
568
9702
6410
7239
8101
2845
3204
5681
7292
3351
9175
797
9681
4193
5480
3003
8271
1765
7574
5409
7242
3691
6921
3005
8731
7687
4537
2928
8189
7314
266
9836
8094
6676
8154
7273
599
2436
4033
8970
5788
3207
846
6547
7400
6326
9550
6749
9170
7124
3236
6411
814
1236
494
623
8923
5031
3551
8190
3423
4896
8026
1516
2651
6179
9869
3250
9694
3901
3299
5481
7108
4145
2027
5586
1549
1577
3413
718
9780
7729
8208
593
8965
8702
2295
7887
4812
5846
6076
8235
741
5180
830
4471
2437
698
7722
2131
5678
2099
8691
3864
7323
718
9450
8872
3374
3941
668
3153
1669
8876
4825
633
8656
7120
9599
4546
4044
6754
3860
5864
1933
5769
335
5450
7546
9136
7581
3223
1234
6271
7087
8557
8068
7615
8507
1441
2634
9175
5673
4304
9129
1576
6016
8863
8696
5615
3409
2739
3447
8348
9683
5380
4116
17
1908
2740
9153
9489
5963
1465
6839
4128
1100
4906
1742
9607
7427
4376
8781
4178
9759
8988
5755
5775
7850
4450
2468
2337
8269
5915
1763
9030
2373
5879
9047
4282
8619
9278
3770
5660
742
608
9788
1842
6594
2608
1448
4020
8064
1307
9277
7822
294
5031
4675
9223
560
7143
2639
9908
3057
4402
8937
5431
1360
7983
9713
9979
8339
4561
6718
9081
6249
6505
2001
2842
9114
3449
7941
8256
5835
7217
6077
7208
3327
752
6430
3887
7895
147
4873
2031
4550
3809
7462
5910
2870
8253
6967
1208
3892
3684
1367
140
1268
3368
4061
1460
7896
3080
9716
3730
297
5792
937
4703
7623
8446
9669
5518
8594
4541
8628
4222
9429
7168
131
2298
5420
8177
4585
9312
1861
5952
531
3129
9320
4592
5668
7215
7673
5383
2023
9049
1174
2960
4830
9877
2484
4498
5394
2156
9039
5100
6378
9546
2267
7588
1843
8766
5765
6428
8077
8705
3458
9687
2912
2777
5358
8580
1070
3030
3962
3093
3157
6215
7132
7987
6091
694
3563
2563
2851
3680
7663
9229
3225
9930
7896
5068
9774
3660
2574
7851
2364
6032
8616
5276
9888
3973
3855
957
8082
8896
5129
1238
5110
2260
303
2280
4033
3866
5922
6884
7546
3585
7192
770
4593
5087
6917
4367
9826
9491
3296
2189
6601
2990
8544
6488
6964
3477
8524
5045
2372
3652
6284
8561
6991
6587
1919
1024
1532
7842
8987
9078
2505
6178
9849
8177
2343
6765
3622
2168
7335
6918
5436
3935
987
3979
1502
7951
7456
1104
2995
906
5836
357
546
3905
8024
2465
6008
9556
306
4995
9712
2811
2251
9560
2067
4595
7404
5689
7842
4738
3686
3278
9752
4673
8336
2332
2623
6871
4516
6697
7777
351
8134
8323
4256
6157
1867
1343
6791
2173
6338
7581
6064
8589
7141
8131
4262
5623
3819
2104
1439
7505
6461
2269
2177
4796
4602
5879
1666
9118
2576
9444
547
709
8845
5882
7945
711
7225
5814
3964
4641
3394
27
3230
1613
9237
8571
7236
3055
1753
9754
1639
8214
2023
4895
3010
6625
774
4676
6821
4429
5198
8447
5138
5122
4328
4161
6912
2632
1053
875
7273
5526
1981
1581
7140
1217
152
5454
5352
1905
5208
8070
1198
7231
2964
4208
4934
4817
9963
2833
9246
6240
2358
5462
1361
7765
9623
9352
396
1754
227
8749
7281
2208
329
4420
4505
1560
952
9857
4545
7239
9005
5743
5548
1968
9951
1560
6786
991
5472
6031
7231
7830
1493
9671
5595
2194
9023
7070
3949
328
5818
1229
3615
6148
6728
8120
7708
8759
9055
2252
7077
8059
9074
2624
1106
102
4185
8971
1094
735
6080
9404
8566
8652
153
5239
846
254
2308
5874
582
8127
8182
5276
5353
5988
3396
4139
5825
3529
7471
2901
2667
6544
5526
4852
6647
789
3822
8820
1524
9902
8223
1168
8554
9455
6407
478
9709
9795
6352
1369
7921
5612
6646
4352
1599
1120
8491
7424
5728
7040
325
8395
3584
6930
3246
1309
8798
8147
128
321
8049
8351
2569
7681
8885
54
8159
8593
9849
5589
1041
7769
1200
7687
3199
3878
9886
2769
2380
5613
9809
3784
5087
3392
713
9412
4701
589
7559
5908
1990
6686
5338
4559
4366
4222
4613
3603
3893
4462
9192
4934
3309
1470
3699
6509
6427
3584
9278
8807
276
164
3670
6442
3557
5462
6932
9337
6052
4490
6324
8042
1175
1661
2600
5541
5883
8292
9144
9776
2753
9414
5789
7142
1962
9488
4729
8389
4151
5085
8275
5506
5249
1944
1947
9885
7406
8879
9222
3457
4448
5545
2577
5623
8285
5177
2243
4167
4548
2465
5021
8380
2958
809
5521
4920
297
249
3309
5527
6413
1583
1032
1662
3527
4058
1546
2011
2936
1846
5469
8463
8470
9125
5165
6754
5381
7408
920
9929
951
7021
8308
3909
7830
4908
9909
9206
6236
3217
4732
2649
5879
6843
4311
9406
900
6936
1416
4916
8783
7964
3378
7252
7089
8543
4006
2469
7029
6005
3476
9060
3025
1783
2968
1934
7770
2876
2218
4006
7172
8030
6655
3050
4872
2044
3534
5773
8980
6030
688
7762
5072
4066
6093
3239
3688
98
5708
716
7182
262
9776
1286
3125
3823
3220
894
7778
6517
4900
4950
4546
2633
9079
9419
4677
2613
5191
3657
8643
6958
2497
3714
2102
9669
6954
5790
845
3740
7586
8028
5082
7361
9314
8207
2262
3612
9101
1119
1207
4001
6069
5754
6634
6226
6251
2390
8839
2520
7126
8560
9478
9623
2274
1579
370
306
8449
1215
5125
6034
9243
206
4473
9635
8413
6736
4325
7514
7855
5533
2593
5002
2365
305
1227
8616
2695
1145
1135
899
9705
1691
1601
1978
4349
1971
3363
2797
3186
8489
8831
3508
8695
3304
3142
7108
1118
8547
5700
8973
4079
9372
5053
7523
755
7359
7217
4530
8504
8352
5429
8209
1121
7030
1265
5470
9001
4629
8268
2187
3117
8177
5695
2890
1480
9916
1076
2598
8462
7855
2649
3619
7226
8781
1141
7982
6140
8358
2511
4643
7788
7940
2851
9988
4970
4117
5458
5049
9825
4804
7236
4020
2980
4009
6910
4461
3925
7987
8138
3465
5841
1866
7085
4146
646
9305
2127
7865
8742
5717
2508
7608
4735
6438
7596
9705
1633
4132
4754
1457
8936
3068
5477
1915
7078
3466
7455
2081
2531
6672
5546
9451
9617
2630
3596
262
3014
6802
9207
1755
2518
1714
9363
7254
9231
8037
8037
864
2168
3869
3400
1103
8017
9957
4098
6173
3422
2631
8254
5953
381
3799
5403
9998
7509
78
1339
522
6880
545
3356
477
3338
3797
8810
2568
1834
7925
4511
4002
2873
7912
5106
889
7868
282
8141
2368
2913
6394
8321
4374
1271
4802
4371
9859
4880
5710
380
2839
6255
4815
3316
9593
8613
3204
2161
446
1128
6672
4448
4001
5662
632
5969
3529
1993
4109
5897
5986
1581
5296
359
2853
98
4730
2711
6057
440
4171
8896
7774
8986
3290
7367
8677
6494
606
9123
8702
8357
4650
3781
5098
6361
9751
8627
8355
4938
5603
4340
6520
1977
4699
451
3154
507
3162
9212
2026
8412
9186
9801
8477
2476
8246
7153
48
9931
7355
8750
9366
3083
2531
4463
9444
3360
4169
8877
8298
850
3216
5896
2827
8994
6347
7061
580
588
7351
2606
9000
6536
3485
7476
90
1730
5708
1218
2739
3062
9968
2105
6145
3577
6568
6667
6937
1815
5544
6314
2665
9839
2209
6572
9912
9636
3632
491
223
982
3097
9223
7518
6583
7778
8688
9392
3485
9906
2131
7626
951
4236
3770
4529
1882
1515
2544
3698
7059
9937
7442
7977
3225
4013
7888
2860
7645
8379
4162
8627
2554
4463
7224
215
2240
5911
686
6804
5816
2817
4429
7846
8132
9278
3453
1092
793
5998
5869
8931
7013
3311
6907
237
7324
4794
4176
4969
4251
8338
3595
7885
3880
1897
8100
6120
7808
8786
4003
4702
2681
9511
2548
812
8789
6001
2984
660
3077
8853
669
1169
2163
7577
1406
566
3449
6662
5535
8780
6078
208
6664
9958
2106
4763
7157
992
4628
2238
5695
7309
1748
9322
9201
536
5322
2184
2275
9479
1036
2945
647
4279
1600
3132
4845
5049
872
1458
4907
6951
1666
1570
7987
4851
6334
6222
5844
961
8460
2617
9349
208
1938
8549
1823
8339
732
5178
7817
2848
8123
9543
8206
801
3754
3050
6929
4626
4508
1836
2655
7253
3406
642
3183
818
7943
105
2858
7482
2722
2207
8769
4660
755
591
2998
2567
6848
1894
6494
4970
1436
4699
6850
5190
8828
3779
895
4414
5615
3550
2745
99
5271
5928
918
3214
6033
3776
695
9834
7062
9464
4493
8897
1133
8571
1463
7982
1543
9036
4030
4058
4813
880
327
3640
5738
1222
8054
1352
4772
1877
1451
1122
7806
3448
4336
4917
7225
6110
5830
4286
5573
1401
3182
7785
9972
5724
5766
2593
4759
875
6652
9572
2834
6979
4290
8572
8201
3422
1002
4051
5300
2453
5173
4184
6981
587
9101
4205
6697
6009
9570
3348
7411
3831
1133
7382
9555
7978
1054
5393
8853
7706
6043
2765
4684
1412
1336
3963
4834
2338
9093
133
5871
5345
4317
3930
5932
4497
8135
3708
505
8783
7056
8995
2613
8189
6377
3247
7246
8510
9719
7177
6215
6840
9943
1977
8252
2357
7019
3086
5775
6111
4298
2724
2534
9695
6654
9546
5270
5867
3253
6854
4649
1387
5849
7263
655
3304
1588
7901
1813
1306
5077
8028
8146
6098
1083
7477
8456
8102
1641
4230
5291
5939
8033
7826
6712
4686
8450
1981
552
1702
9915
5201
3089
5763
3542
4823
145
6209
2723
1958
8594
8880
1064
7819
4977
3226
5295
3432
1327
6936
8741
6618
3953
6773
5522
665
2537
3971
3725
3089
6752
4718
9370
920
480
3990
5743
1704
199
8467
4741
8793
7346
6884
6611
3401
109
1905
7913
1436
9920
6653
9134
3873
4505
4655
5617
8121
8627
420
1210
6457
5139
1658
7377
6698
5648
3120
8403
6926
2665
4222
5719
1089
1106
3408
4490
1215
6393
2402
2652
6312
134
2864
1263
5718
7519
7959
3838
7224
9459
5048
3681
4597
7785
1057
2373
3433
4177
1854
358
7921
6077
7156
9010
7183
1643
3500
8398
8036
6981
2128
5426
7115
4992
7769
2832
3590
6806
6671
813
6264
2797
4494
1939
1661
6631
4313
5094
1886
6167
6531
9808
2243
4766
8817
504
6409
3395
8903
5523
376
2109
948
7491
8181
9796
1402
1770
6602
9152
3662
3944
3027
9236
5884
4688
5866
196
860
7752
7442
7392
8638
9686
3236
8534
189
723
1928
170
6246
2304
3359
8273
874
1539
8069
2276
3309
5749
2506
6971
9693
5533
6206
5576
221
3150
6851
1081
1981
4293
9552
618
3978
3866
230
5246
4589
2159
6496
834
4463
9855
9108
6416
1393
8255
8692
5781
5082
2276
3830
4774
7810
1115
1429
9110
5344
8280
1269
7325
2572
821
9023
7629
4687
9253
2875
9277
2490
9371
1189
6954
303
1375
4448
2775
708
4219
9635
5790
6495
4543
564
4304
6737
3072
4492
2081
1351
5762
484
3924
6583
585
1552
2348
9839
5506
2703
2328
5955
4972
360
7337
6347
4809
111
8135
9028
9746
3924
6601
4289
5567
905
1025
8639
6476
4185
1069
2237
4670
4993
9899
5255
7624
2247
6172
4209
6029
9580
163
1000
1018
7501
8427
6906
8691
7640
7012
8437
2642
3613
3804
8210
5597
5908
7927
2072
93
8996
4310
5842
5067
4208
2175
2691
7534
9427
6900
4642
9006
8142
6721
23
6721
6226
8009
5412
3865
5020
3848
6508
8633
8731
5796
4229
5717
4801
7381
6889
4876
2769
2730
9943
8056
5985
3712
6669
5411
1690
1310
5495
911
9110
6597
7632
5336
4605
3043
279
9626
7970
7866
9337
7779
4740
4645
3496
9542
2025
384
5496
4794
4194
5438
3928
178
229
596
6668
1919
1906
2162
2830
1016
8759
1541
7431
3364
4584
8789
4068
3633
6655
3404
1411
2473
9128
4907
3093
1152
6371
8589
7025
564
5106
953
1821
5335
1549
8489
8333
4535
650
2242
6630
487
3783
5139
3851
8367
3927
8998
3078
1660
3481
4490
5213
2608
9397
8306
4840
6846
6895
2943
7410
3079
4975
9231
8414
7604
8798
6746
2138
9448
66
9847
1014
3849
6064
4865
3295
9991
4942
6373
2730
8423
862
7943
1030
1338
7327
6949
8184
4221
9893
6673
7300
4867
5903
6792
2470
5780
4617
5687
5227
4683
6612
6241
8533
2675
2185
2906
3745
8206
9279
6475
6628
1220
5496
8737
2558
2822
6765
1820
8123
6657
8493
6501
2602
5475
3293
6152
1254
8989
2917
7560
3671
9530
4880
3282
2204
8144
6188
7028
6349
6546
3502
4055
7766
76
3870
1402
2899
634
4301
2100
8370
2794
8601
972
9348
2972
7124
1680
1960
40
9240
6711
648
5198
9993
3932
4420
7260
959
1847
3805
5541
5902
2649
5617
851
4051
9595
1485
8352
1694
9856
2224
1374
827
2650
5425
9030
4330
8465
148
4649
5175
797
925
6246
4729
5346
3505
5688
7193
8389
2307
4174
1037
7925
5025
6167
8598
6510
5598
1371
7444
8901
2745
9350
2630
9249
8379
8039
7713
9607
2687
2887
403
4692
9134
6211
37
3717
2977
7230
3185
5285
2482
5301
4288
7507
1468
2885
5096
8145
4256
2539
8124
8080
2968
753
7329
2425
8793
5041
2031
2558
7929
3513
7250
8141
9724
7287
1857
2701
5596
5042
9065
8078
1422
3352
6664
2890
6237
1759
2113
493
5377
236
8573
8345
990
5901
770
861
942
3880
3419
9950
7394
669
8090
7117
9035
1025
896
5709
7147
9961
4866
8569
3312
1529
2537
9550
4367
4650
1121
9744
5965
772
9168
8034
7753
1016
8895
9774
4896
3393
9723
3368
4062
8891
1564
4175
994
2460
9885
9220
3500
5829
7788
6812
7358
1403
7440
2803
7132
9640
3625
4176
412
2792
2209
8165
4887
2183
7938
862
5576
8739
4230
716
8708
5794
5970
9702
9334
5854
8922
2833
2761
7788
723
118
9192
8164
4000
7402
8882
7626
1577
9294
417
4866
8537
6384
7049
7553
7246
2624
6291
1475
4419
6077
7270
388
5779
6603
7322
4700
514
82
3566
1237
1280
3836
479
5280
1238
9362
2905
3894
9734
4402
8760
9350
785
5808
6902
8031
9511
4272
9506
3929
348
7854
4318
6127
5535
2718
1905
6049
2800
6551
7287
4080
386
7766
439
2703
8206
3344
6598
7940
7746
6436
7289
9610
3323
5269
7640
2833
9541
8225
7842
9890
7157
3238
7095
2692
5956
79
9820
8756
6630
7106
3915
8095
5951
4354
798
4156
8777
8475
3174
7602
5989
462
7211
9312
5732
5930
3224
6351
4154
1065
7319
2389
4303
4414
5081
1337
5572
5980
1171
3280
3085
5086
1374
114
518
3251
4271
9296
2804
8524
6897
8794
8987
4107
9184
5797
1115
2407
3226
5269
4551
545
8738
9933
6038
4897
1269
1609
876
2441
4889
5041
8606
7342
5155
9125
1672
504
8420
4476
9029
6395
4348
9094
1580
3532
5969
2696
7018
9195
9044
1569
9740
7781
1501
5777
2678
2771
7386
3554
6291
3353
8595
4896
1774
4829
5099
3446
5333
4597
7922
4361
991
2270
4533
2572
6881
501
5268
3898
9697
4311
6546
9436
3171
8048
6292
5849
1897
4756
481
8188
8110
155
4162
9884
4984
340
4408
316
4937
2329
5757
7008
5678
289
658
3637
791
7005
8615
487
2394
5160
1001
5565
3207
7293
2492
5104
2049
2974
4370
1237
3129
9612
2199
8113
9952
6607
9508
5967
14
5264
4053
6772
5554
4711
408
6345
1715
9023
7911
4110
4183
9991
753
8469
7284
3246
3573
411
7299
9022
1648
427
9712
4926
9619
741
1532
9126
6709
2625
5469
1840
9397
1022
6552
9806
8446
9346
9907
7435
4534
4089
7425
5288
2558
4708
9613
7210
5119
6911
7310
7846
8417
7022
2771
9114
7763
5382
8239
5550
8008
4786
7391
7404
5808
5021
8288
5332
5445
8195
2766
9980
3362
191
6346
5920
5978
5958
4208
2176
3947
2597
21
2363
9619
3872
1476
8460
332
793
5089
9419
5580
3558
6823
2466
8579
6189
7799
5102
4383
1643
5081
7746
1834
2505
4744
7813
9542
31
1067
3488
2628
2167
6930
3325
6039
9485
1784
7451
278
7952
6869
6937
1509
4770
481
1166
959
9359
6269
6421
2081
2428
5245
3915
4934
9990
2806
4475
1099
3873
7964
4806
7120
5972
8131
4237
5457
993
1687
6814
8946
9636
4829
1533
4405
5310
2700
6443
5748
8969
2864
7829
1396
9188
2822
7409
255
6708
1884
1354
1659
926
6160
8779
7977
5369
3016
3433
6363
5782
246
6387
5417
5075
7920
9823
1464
619
7344
8291
666
1286
6119
3142
474
19
550
729
6727
3513
3163
9466
5518
401
8244
3495
5771
1259
8007
3212
7042
8254
9599
3537
4407
8597
4438
5871
295
1782
5240
961
3068
2437
5182
4621
2457
6812
6430
262
1403
671
9728
6922
1072
7972
1495
7922
309
9502
1133
8430
8834
1810
1967
3241
1486
6405
190
1781
9266
5431
3821
3413
7868
9004
8034
1403
5815
5542
1666
7218
6213
1393
5218
8365
443
7792
6286
1832
7294
8499
261
6127
308
3307
446
2873
791
637
4654
56
7147
8476
4548
6093
7479
3661
7497
4372
9203
241
1589
6495
2713
7887
4859
4236
5678
1144
6068
4050
721
7408
1256
2109
715
1702
4982
2585
3418
9637
3720
1643
8112
8269
7737
6669
1929
6312
1040
2210
6553
3708
8705
344
2673
4642
4580
8352
6866
647
2401
7587
8056
4736
9696
9850
6439
4678
2434
9857
4314
6154
2579
3504
5501
315
1251
7430
6627
3370
719
4258
8157
9424
5681
830
4066
261
260
931
1987
3740
9597
42
8477
9293
970
5994
3970
3404
5850
9363
637
9508
3945
6138
9823
5196
4647
7528
9645
5366
2864
7801
4789
8546
9710
9934
8807
9970
1943
1872
4789
1540
1915
3265
832
2885
9259
5881
7369
6187
6322
8006
5695
266
5222
6596
6541
9869
4124
6185
5234
8067
5064
1102
6612
4774
2114
6497
5822
5137
8370
610
6677
1363
4954
8588
5327
5291
5547
3774
2557
1868
2858
8252
3213
8081
5926
832
9028
1128
7017
4262
9196
2080
6443
6886
7933
9636
4462
3755
4772
2831
5444
1448
5273
398
1114
1678
5689
6661
5453
8246
9608
8311
7576
3899
7470
3502
4731
6498
5709
2826
1838
4904
5986
8281
2869
3918
7916
7331
8752
3767
1240
4196
5215
6513
4594
7409
8191
1361
5148
4722
9608
5835
3033
8262
9734
1581
2842
4465
8079
8552
8370
995
4534
4355
9276
7403
8274
8271
4733
8104
3116
5973
2299
8331
3564
7972
6818
1755
9334
1966
7556
19
7801
1667
8281
7534
3249
2202
3077
2406
753
1447
3402
5287
5802
3756
3769
5154
3105
8502
3258
6221
5554
6636
5631
9118
4608
2448
1951
3941
5493
9508
5039
3293
2253
4398
1906
5502
6600
6062
7909
8432
7509
2389
4798
4390
6145
8567
622
329
8147
4959
6550
3700
1595
2180
2818
6203
5708
5848
1222
1200
6434
6261
5573
8688
658
7479
4189
8338
3540
3176
6769
2128
6644
1566
7597
2789
132
8219
3118
8280
4257
746
3058
5852
4006
5876
3133
9714
2803
5434
1992
9237
1694
7565
7924
3431
6122
2113
1768
741
6368
9617
2869
3012
1182
1544
6880
1315
841
1076
673
5098
1822
3731
2028
5828
686
5161
6620
3489
594
8613
2725
3367
7256
1728
7878
3378
4920
724
4119
1287
340
8067
5378
1523
9611
2257
3917
1530
3333
5669
6629
6235
9400
8657
3141
1164
4897
9762
4653
5491
9453
8458
9938
6708
185
7815
85
5105
8539
5283
7471
8880
3349
2849
1481
4038
5106
5398
6648
9519
1066
3276
5753
1544
3011
9973
2709
7908
9734
8441
4478
264
6898
5494
6973
8162
3308
8137
3266
2925
4499
737
2883
8927
3586
4364
2965
9771
840
9613
367
2985
3967
7199
4530
8057
7172
8318
7044
7984
6758
2600
8249
4735
8094
6300
2896
2480
5515
6163
5405
1092
7979
8289
19
2643
3731
4063
2413
4572
3675
3860
8636
8721
1058
4244
6777
9309
2561
3820
7293
9320
7499
6620
4054
5592
3998
6950
8072
591
4191
4556
1684
2169
3923
1703
4812
7654
5766
8305
3304
519
3243
1940
318
4301
6184
7095
3610
9825
1994
1981
222
571
9680
4276
6164
3677
2304
5314
5347
7575
9870
7031
822
3792
9813
5635
2525
6657
5018
5829
8255
8261
8848
8573
3640
6111
6747
8329
5935
9820
1388
6157
390
1067
1511
7633
5823
4894
2947
1170
2468
3895
9280
3291
8767
171
4
1291
6828
6101
8199
6162
5440
8126
4734
9080
4236
2559
8488
1249
2378
9876
7406
2769
943
9996
1480
7845
4889
4427
9015
7358
8323
9374
1727
7089
623
1731
9459
8530
8911
7657
4691
4350
5782
9426
4508
1096
1984
2995
2345
5442
2871
9751
9290
4893
9746
769
2737
4635
5197
2831
3071
4598
2204
4798
2765
2827
7608
2223
1356
6518
958
6048
867
6741
6552
5375
7837
9615
9450
182
6135
2320
1011
5424
7213
757
7273
1028
6471
3548
3859
620
8146
6063
6497
1989
9969
4104
4212
2404
1700
5170
9531
3646
2989
7161
99
826
6775
9549
2087
3989
1868
3098
9413
159
4934
7764
1188
2483
1311
5047
3103
535
2189
678
2524
3236
4782
6736
5640
7561
2985
5170
1206
5974
2330
1306
7879
184
854
1044
4173
3802
4143
4664
5040
155
2428
7307
3718
3739
3433
7900
5354
6701
8579
7878
9937
4439
5693
5577
2000
8678
746
3206
5730
4156
5591
3609
4340
7525
4653
8513
2405
9875
3176
7445
1109
6683
5831
4827
1501
9264
3805
6855
5964
2383
4732
5900
7902
1503
2555
9902
180
3302
4186
6990
7458
9778
1677
2876
8381
6330
1388
785
7284
5643
8230
9472
3405
5139
5377
4906
4402
9182
2839
1444
2644
8650
8424
545
153
978
1525
1412
4280
5711
8402
2816
6567
78
5692
4947
7488
8159
6811
5850
4881
6120
5321
8286
1258
697
4270
5661
957
7109
7105
3601
5758
5528
5225
6990
7586
6750
8403
1865
2461
7883
5761
106
9041
2531
6133
7607
1769
2943
3456
6650
9063
9856
4935
321
1631
9205
7061
3667
6313
5244
7269
3149
1851
2493
139
9437
322
8542
2380
2783
7503
8141
3968
6543
1751
100
4149
3520
4123
8684
169
3185
9618
5104
4585
2327
5387
1645
5995
2778
6890
4342
5927
8741
7914
6066
8177
8236
5686
556
2097
3189
9777
6066
810
2606
7245
4960
6126
2446
4722
6295
6711
5419
2477
1295
7746
8943
4020
4819
1720
1988
9161
8726
1807
7075
4792
9984
5310
1556
1618
7408
5824
2473
4552
6635
5079
2875
2673
2283
5322
7395
9657
2032
3892
3212
4406
1638
2154
8426
6457
4953
413
5618
3679
2220
3771
9550
3282
9081
1105
5980
7567
6930
9532
2118
4643
5690
6073
7316
7973
1394
5789
7630
3426
9682
841
7832
2398
4075
7337
8855
9028
7750
5551
2706
1049
400
2255
5410
560
3361
2468
8127
1369
2000
1324
6012
7690
7397
3327
6741
9870
194
4370
3295
9876
6291
2205
2273
365
9542
2207
9393
8371
8837
2099
498
9238
5433
5908
9798
8794
9456
9003
1241
1455
326
7253
223
8802
1658
6964
8671
1853
2413
3044
2807
8704
6329
5081
147
6949
8367
9540
5319
7203
2717
6896
6440
8151
3883
7316
8023
3338
6319
9265
5872
7724
7596
6095
6526
9255
3058
6275
2186
5471
9320
4993
5253
5648
1152
5400
2596
9519
4940
8995
7801
8736
6969
4240
7965
851
2635
5988
5268
32
6331
1139
7756
3926
7234
5360
4259
1371
1635
6445
6842
2033
2517
2095
8760
3669
8574
1355
4267
4592
1428
2067
3328
8398
7386
1292
327
20
8359
6675
52
4689
7814
8888
9695
6127
4247
3953
7498
6961
1477
4339
8994
5073
7513
7753
9821
6087
187
4087
678
2694
7233
5085
2170
4619
7457
2498
5718
5815
9173
6850
1583
8065
5737
1277
4191
1062
6309
1688
8024
7786
7107
8096
3937
4619
6928
3758
1784
7115
8924
3542
887
6157
8627
3058
775
6083
5556
7572
2977
5807
4421
4560
4950
1236
5837
9142
2299
2145
1908
1401
1010
9015
575
4947
4713
7503
9784
7576
5696
8708
1117
6584
4864
9745
9642
6718
6906
6276
4289
9883
2082
9790
4442
8111
1025
1357
7252
3324
4582
239
5804
5592
9254
6380
1617
5045
3882
2480
2621
657
1187
3738
7241
7130
4561
6882
3847
2546
3157
9215
3507
6318
9004
7950
4428
29
385
2759
4432
4967
2998
1315
1637
3330
7695
4334
9455
2655
6814
2075
3312
9080
6892
552
6209
2532
8513
1134
5078
2748
348
8585
9066
431
7613
4573
460
9078
8411
5971
4044
2487
7286
6761
6896
6059
2173
6350
9794
8987
8425
4184
9145
6396
5816
5353
8928
4328
7566
5084
7077
8993
4747
7221
9424
3439
1793
962
2516
1282
8013
7639
3769
6377
5478
665
2436
7651
7015
3308
6637
6519
7492
5781
2914
3307
2212
2920
7636
856
9083
5791
9850
4908
3011
351
8347
5884
1314
1941
7166
405
9581
2014
6782
5058
2679
9218
3788
9694
2525
424
7291
1096
7285
1283
4403
575
4203
3117
2511
4364
9987
2360
9273
4077
3790
7619
9961
5104
9561
8205
5509
219
218
3370
6356
3976
2587
143
4749
6192
1647
2039
7288
10
3323
2769
585
8605
5887
3096
2969
6952
6535
3320
1028
325
938
988
6508
1577
272
3096
2875
1569
6466
9232
5546
131
453
294
7402
2100
3412
5768
2110
7814
8538
3775
7498
5503
7950
466
2454
4485
3786
3483
5889
5803
5550
3475
7381
6901
6571
1334
8471
4115
565
5095
4247
1019
6468
1648
4198
958
7417
6309
8773
7033
83
6270
2535
9112
7815
6068
4675
2679
9551
563
8482
6180
5118
6941
3080
1688
8276
2629
6883
9920
7724
1129
2017
5270
3856
6216
6229
2351
2524
5001
9384
3686
2349
2997
2797
163
144
7473
3921
773
9115
2402
6953
4232
422
1112
7000
9777
3741
3882
9696
2544
6090
1713
8893
9946
7929
5121
3376
1531
1200
3838
6296
4628
7915
9093
5870
8059
7644
9791
8832
7838
2193
5785
3148
3694
7976
147
3470
2795
5108
4244
6418
1197
7036
5311
2222
6043
1510
5598
7574
3790
9436
3869
8418
8429
4041
4288
6487
2763
4078
5319
600
7350
1103
4828
2122
157
4975
5592
2952
1162
915
9371
2359
7951
4681
4581
5073
7270
1257
3725
1059
1772
8674
9478
200
2714
3765
6688
6556
8922
2006
7157
6272
4188
1984
8394
4345
8038
5065
8376
9200
7059
7746
2638
6088
3505
8298
1160
775
9556
4886
1834
2406
3559
1311
2606
7352
6155
372
3907
5077
3457
2142
2427
7645
5205
1899
3068
4322
8043
1444
3521
5101
268
7238
1189
3774
5536
2349
4549
5091
8314
6383
7497
1872
7695
1181
302
4928
1554
4210
4
5011
6352
3510
3735
2636
5410
7882
6958
3452
404
478
8554
673
8796
821
4447
4331
4249
74
9422
2563
6457
7997
5514
5230
256
5817
158
2889
26
162
8980
7457
4752
3793
92
161
1674
7050
4692
3158
8608
4324
4910
7403
5145
435
1733
9395
509
2233
3036
6966
1308
8550
3275
2643
4366
3433
5533
4392
4674
4512
2928
9426
8305
4099
665
1057
1149
5358
5294
835
9682
203
9317
4827
638
2128
5300
2226
5440
8336
271
7827
6885
3546
469
2330
8058
6002
7801
2731
1592
728
3236
975
4828
3901
3112
7056
9259
8406
8970
19
9689
8286
4846
1405
413
1224
3632
6932
638
3903
4758
8602
7449
5227
931
6585
2308
8733
9316
3900
539
2551
5955
5367
7532
9067
3501
6790
8551
2470
6809
8239
755
2733
9645
2247
5036
3276
9179
5674
8258
3936
4276
6785
9164
6286
3369
2550
5018
2684
6450
5558
6315
3483
2003
3846
2549
5505
1714
1100
9054
9603
9339
9810
2335
61
3135
8451
3337
2314
4124
2673
7329
9479
9458
7571
5765
2826
120
1861
6590
7650
8498
2904
1132
501
7829
3682
7085
621
5861
7217
223
6278
7026
3638
6340
1240
2088
755
3554
7291
3429
882
7849
2886
9533
3613
6792
9653
6553
3381
7302
5051
7364
9514
6631
6271
4274
4794
6892
134
2010
7116
7491
115
753
3830
1355
2841
4586
5988
1210
8015
7949
9059
1979
7481
3750
8771
7134
303
3230
5514
6433
593
5027
4142
6864
379
8936
3756
513
2024
871
9084
2139
2703
2913
4573
6623
8578
560
7833
7671
8510
7971
9651
5990
1720
9500
3123
3102
2730
9717
9535
3323
4743
4755
1266
5123
3690
5022
6715
5715
6972
5798
8933
753
9791
3506
7376
8368
4066
6287
7118
2575
4257
6768
9645
7057
7346
2767
158
75
3562
772
4478
9385
5527
6823
5586
296
1844
2300
7090
9895
9178
6022
647
46
606
8023
8414
4673
5388
5531
8327
9646
3377
7971
6702
1802
1817
6860
1877
5379
8711
7434
5842
5317
4256
1427
5613
7179
3728
2702
8152
3984
9803
8799
5109
409
7900
3522
6161
3288
132
5566
4012
4588
3537
713
6390
6433
8652
9347
2890
7363
7859
8733
3758
2115
159
9371
372
4966
3151
8525
28
2953
8402
5137
4441
6302
9739
601
668
949
6168
4680
6616
783
6472
4085
8295
5123
3431
1184
3564
2368
995
7322
4483
2234
7771
5935
7200
921
4459
8308
4954
2860
3444
9395
240
4261
9997
1987
5210
6164
6667
2905
8026
3138
6990
6320
9341
1499
8583
2904
3867
9579
1305
9430
2891
9076
5364
1169
1076
901
9477
6030
3761
4000
5424
5081
9340
5420
7068
4550
2662
4814
8534
1766
7952
5523
8086
8371
7022
7748
1275
888
8405
3659
1396
1295
3813
6760
2464
4889
7661
3020
918
2501
7020
6343
8661
7438
2841
5728
3066
6583
541
1599
8349
9573
7122
7514
7943
4143
5261
296
6111
3665
3955
7507
6039
7769
5346
9582
2657
4085
2601
4655
7665
699
2076
6325
8138
4917
2053
1203
2578
3673
2803
2006
3245
9925
9520
2267
5147
5859
2563
2336
602
7598
921
6641
5366
7346
6222
9102
1431
9903
4835
174
601
6911
6500
8739
2907
9632
1021
5485
3304
3824
7491
7629
4827
8089
9896
1052
3947
2458
4467
4549
55
5389
2268
6500
2734
9570
6681
5244
9472
1515
5419
72
8427
2997
9891
2412
2628
1990
7897
5932
6893
6467
3560
1719
4555
4534
3851
9582
6993
8318
5209
8127
4785
7478
4627
8599
8126
1307
3842
7597
2822
339
8748
2327
3336
9717
4739
5964
1706
3715
2975
8599
181
7614
1397
5815
2148
6327
5396
219
5723
605
8346
508
9162
4051
9107
7287
5358
4027
5962
9260
5446
4709
1586
9861
4426
7405
6904
7211
1119
9879
5810
1300
8571
8286
8194
1797
4612
4669
3095
334
5274
1441
1921
5514
6571
2106
3879
1929
7213
9841
1188
2658
4549
3853
2518
53
1257
500
7265
2376
378
3074
4755
28
2438
4028
2904
7050
8697
6000
8463
5049
8520
384
562
5090
3569
4441
8098
781
4281
364
4518
9909
4218
8116
9963
6554
8616
7227
9
73
1379
5843
101
4896
9871
4084
1945
8567
83
1486
3615
9682
2949
5256
5851
6519
9697
3948
8379
5056
5392
2897
6044
688
1012
6006
7242
9628
4311
8330
9701
6769
4173
880
1664
4043
4965
4688
3689
6127
7253
7304
6888
202
3639
2738
7800
3335
7765
6178
9471
3156
9075
5514
4923
86
2598
2165
793
7988
1573
493
4756
5746
2453
7499
868
8497
2186
5636
5702
517
4018
2589
719
7657
6406
8519
2071
4171
4697
1541
8406
4850
8134
4408
4937
731
6573
6809
9798
9225
7302
4553
6050
833
2051
7997
9330
5316
3632
5032
5833
7650
7621
7632
6386
5106
7229
8457
355
3004
1076
9840
7855
9210
4247
3870
1019
1898
678
816
1123
9059
6448
7173
9893
9578
5169
300
5972
9880
5332
2883
8608
4032
514
4993
9138
7744
4528
571
1826
5604
410
9681
5892
4658
3550
7990
6556
5307
9885
8758
4366
6332
5930
5337
6988
2177
5637
2959
2056
969
5843
1743
6080
7436
6736
6296
6258
1264
6867
8085
7947
8356
7765
3839
3013
2394
1828
648
7701
2792
9406
3145
9124
6415
8482
6112
9671
4119
149
2806
6167
5992
4549
3325
4507
2363
9621
764
3627
7566
8849
2653
5921
7693
6492
13
86
9399
661
8866
2190
1145
2011
2393
8639
492
9584
8310
5690
9733
1115
2935
6804
6743
7339
1310
9106
8038
2074
2733
5603
923
6465
2603
8616
2956
2616
9781
3433
4356
8646
6703
5501
656
9096
4140
2228
9758
3528
8997
9490
5722
1932
6293
2464
9271
7603
1569
8388
9678
5381
3990
1679
1845
7672
1373
5880
287
1153
392
5722
9799
7095
2302
1534
7269
7521
3762
7026
1048
2758
7594
6770
5769
3887
9234
6119
2568
1881
4506
3324
7263
9575
5003
9108
7247
7455
6067
8613
8608
6459
4335
9486
3553
6637
1019
1900
4157
5860
4
6284
9697
7598
3053
6545
2563
3365
2663
5132
5246
8248
8456
3587
8901
4538
2695
6147
1992
9841
5839
1679
6299
173
1164
930
7889
3262
2830
2045
200
2834
9408
9897
1510
2460
6441
4074
6904
182
9206
2149
9509
7661
6816
8410
2198
9511
5635
5270
429
1473
6949
6728
1646
8113
7658
9535
2453
1566
2658
2653
4400
2065
2549
6989
5604
69
1062
2507
1330
267
5736
839
9008
2551
327
2284
3140
5962
7554
3569
7436
5581
296
160
4772
9033
774
7225
598
3432
9878
6077
6577
3506
3065
3259
4654
4128
5767
5984
5474
2581
7902
4481
6211
8229
7845
9351
4191
6477
3998
1626
2058
5373
1786
6830
4405
2560
4055
6082
7072
5011
2158
4727
9596
6302
7986
4249
429
4831
233
6983
7412
8135
2542
3622
6364
386
4051
1633
7943
9128
3259
0
4500
6124
7909
9984
9764
1963
7144
7914
8054
380
2640
7649
6683
625
1898
8191
6536
3210
5173
3947
2423
7716
8649
9866
9181
3778
1498
7123
2906
5836
7123
8485
3039
5032
9548
2802
8074
7770
1794
7206
8151
5513
4855
5912
7217
7832
4102
3752
1041
9276
7700
4543
8070
7427
4409
7250
2283
5907
4373
6268
1743
2574
4753
5861
8685
5379
9742
7838
4227
1535
5043
2377
7048
976
8289
4264
8808
2391
8017
927
2745
6795
5471
1893
5300
958
9143
7583
6865
4594
3851
9687
8248
9683
5547
6932
5061
5288
4769
9288
7902
891
2744
4949
1867
2111
292
1754
5581
9388
3760
8326
6182
309
218
1481
1267
440
9064
9212
6113
2914
8898
4360
3675
5524
2371
8736
1890
8219
9103
871
9110
2925
5820
2056
5036
7191
4889
617
6578
8649
21
3838
37
1319
5319
1304
2838
5462
515
8951
9455
492
4390
3130
7095
6761
2944
63
6058
3125
934
6247
6050
7834
8303
2165
5024
4270
2782
2681
2918
3882
6519
2955
5201
1838
5339
8039
8379
6933
8069
7833
8504
2458
962
6677
297
3907
6741
7434
7032
7675
3680
4161
6587
1982
6326
2690
6252
186
5371
249
4068
1889
4283
348
4806
700
8387
3184
7634
7534
2096
7216
1070
3058
3893
2446
8044
633
9881
6155
9387
3560
315
5974
6622
7720
9743
3952
7906
5113
4201
3052
8081
9564
3400
2887
1342
2866
7150
8976
399
9246
6192
1470
3383
84
4995
1426
1796
4875
7581
1182
8436
8975
8235
5057
7773
7977
9009
5678
4168
4289
9810
2249
4931
3209
6215
6273
6075
3364
6328
7554
2610
3598
9024
5993
3682
4018
8498
6557
9973
7158
8818
8408
7211
8132
4543
4984
6108
3551
1740
1355
8919
1549
3604
4928
5838
9819
1201
1912
3182
7529
9466
6871
1126
9568
3942
5887
4665
2440
3522
4637
676
2339
4123
7887
470
8666
3949
7658
3295
5690
9013
2214
8318
2616
7142
4155
3513
9422
7147
7774
8029
6612
4645
9155
7259
9666
6120
1923
2105
9642
7639
3860
3060
1761
2826
3530
426
6775
2266
4800
3543
1278
7014
2940
4973
5235
7095
8486
4656
5320
6260
2685
3011
1983
2918
269
1648
117
3271
4833
9759
1988
8693
3897
4828
2597
8507
5254
9373
772
1132
3994
3130
8147
6934
8103
4460
5108
7668
9116
427
5006
2879
3438
6989
6877
4786
9716
6994
9136
4548
7831
1123
4320
1728
5951
6917
234
2283
7368
1006
3416
1362
4136
2641
8296
3318
7101
4482
985
7295
4910
7070
1253
9427
4058
8130
5292
4852
5123
4427
9401
2953
6630
4799
4681
2580
1715
5994
5943
162
7001
437
1524
2215
3078
898
5533
1257
5381
7597
8552
1369
4666
883
1874
9803
9013
7166
4655
4135
2672
5134
8168
9302
9933
3927
2960
2726
9922
9982
3967
8001
418
5491
215
4575
7469
6828
5832
2849
4424
5463
5297
169
6346
7171
9972
5359
5416
5705
572
8088
838
8740
8468
1849
2667
1427
5655
3667
2488
9622
1667
2906
6192
1882
7482
3660
9789
4392
7588
4213
9855
3963
5461
7280
1133
5432
3717
6549
2216
4289
5715
4133
4108
4182
5983
7854
6689
2716
1520
9177
3416
3187
3161
686
6148
642
5425
5937
6114
4091
1228
7047
8054
6689
4326
266
3199
9122
6815
5415
3411
3609
9549
8598
8870
6610
6451
5558
404
9050
4734
3820
2236
8975
5586
9463
9617
1010
5399
6809
6181
7706
3856
4234
4394
9261
4500
7594
8383
2394
4087
2872
7082
3635
2548
5951
1323
8999
1509
1727
8048
7322
6627
1362
6296
2212
824
6992
4301
7303
3800
481
5008
8735
5795
481
7996
1373
9154
7457
3767
3240
1407
848
7955
3955
6800
9278
4032
9388
1005
3158
6709
8711
4520
4084
2001
6423
1075
6302
3725
5954
7863
9813
4689
4736
293
3763
6109
9447
2298
955
3765
3705
2882
1719
8739
760
997
2770
147
3081
5928
7936
2870
1526
3098
4871
9028
5252
2251
2753
1205
1192
3644
6973
5928
3937
1814
2037
4462
4112
4071
8227
8896
6953
9947
7634
7714
2022
1482
8940
6182
8489
7954
9052
1093
1051
5001
121
6303
7252
3953
8588
8445
7597
5560
5451
1533
8454
8567
7074
2565
2637
5300
2540
669
6325
1252
9462
8347
2735
8401
5607
2302
7434
5737
3396
8485
737
3517
5867
9069
7470
4454
8592
5066
13
4042
7678
9546
2609
4751
3190
6325
1129
5730
6994
7455
6982
6455
6880
795
5935
2487
4177
3368
9303
7573
1852
1119
2168
7719
1266
716
3251
9858
6861
3265
4978
5617
3889
8666
367
7079
4991
2575
2808
1984
29
869
9519
7989
2743
5453
1554
6920
9900
856
5571
2830
3054
7739
1628
4320
9534
4879
4177
6394
9223
234
2010
3112
8900
3456
190
3890
6032
2999
6954
7140
4947
7551
5128
7690
4082
7761
5689
3981
8618
2338
6811
2750
1156
8439
7071
689
3318
2326
7084
2540
2560
9094
5652
2539
2550
5843
6429
9661
9921
4461
6800
4867
2011
3007
3635
7172
767
402
1152
463
2741
7964
3214
3897
7481
1363
5665
798
3689
2748
3339
7329
2921
69
9868
6550
6991
6296
6210
6911
1836
4088
2856
4926
7095
7571
2098
8942
7973
3250
483
1792
2292
3697
6768
9774
5060
2433
571
9829
6260
4989
7157
9181
6138
7024
5730
3128
4398
3018
39
6234
7107
2895
2239
5280
1544
4337
4221
9518
8666
5784
2388
2037
9481
9157
1810
5620
2668
3460
6527
6
9529
3683
9188
5666
1785
5996
8794
6183
9015
8833
3496
7200
2807
5735
2479
4351
1150
7780
4947
894
3563
8415
2931
4122
8650
4741
820
1317
9281
7347
1323
8809
2108
1589
4474
3893
8665
4346
76
7679
4258
3572
4878
7065
385
8436
2494
2614
6215
8521
3508
9778
6935
6440
4979
5584
2259
5799
7980
1539
3146
381
1426
6333
1971
5900
226
1714
246
302
9393
5583
4953
5349
2647
6417
4863
6220
9031
1078
5819
2538
1934
3832
56
6913
494
2316
2712
8474
4934
6937
9935
7440
3269
2984
3339
4574
4698
4664
4876
5169
246
907
517
3972
7324
6459
1271
6354
7537
8169
9972
9472
2001
27
7463
2495
3422
1253
2048
9436
8190
1982
6875
2538
4966
1292
7112
9664
7036
3067
5911
8361
5053
7507
3412
2377
3965
4683
9810
1502
3930
859
2052
7010
887
9515
9506
5388
768
2632
4823
36
5693
1697
3653
1737
4069
765
2479
1104
4911
8390
9465
9964
5896
2876
3419
9861
8638
3229
2441
2568
4088
4493
9578
6054
5087
161
1442
6934
3872
7344
8049
9565
120
1702
2380
4189
3546
4859
5293
8457
3248
4757
9499
9144
8713
2918
83
7350
6147
2524
996
1313
8097
1653
8447
4262
2893
967
1195
7845
8311
322
8488
8431
2024
868
3698
6649
5727
8991
5105
8976
4827
4604
9198
3539
7522
9281
1967
4747
2884
4043
7139
980
6775
5585
6321
746
7631
8595
8591
5942
8917
7079
5451
2020
7947
228
8669
4752
9219
4853
3727
5124
535
4004
9742
8057
4363
2788
3882
7247
7910
2099
9306
4684
8764
5626
5430
6394
5299
5100
3414
4216
3257
9945
7315
1203
172
5983
7034
469
835
761
5594
1370
5844
5335
505
206
9202
5466
7454
7111
7566
7838
1794
7408
3464
8304
3801
8763
3403
8295
4057
6660
8239
1371
8942
9490
8434
5975
9959
347
7815
6631
1718
4737
3045
3302
4944
2246
9848
2397
9358
8492
1313
2230
5899
4777
1612
778
4619
5015
9073
9755
2753
7311
1126
2773
7879
9560
9828
7838
985
8721
4468
2703
3458
8592
7085
8402
838
8011
1877
1274
6502
3190
3504
2400
9047
5117
3178
4744
1210
3330
4498
5043
1719
6703
8895
9599
7341
9801
7436
8327
8522
2982
2108
3058
1574
271
2538
3491
8282
5494
4765
5862
9763
9348
8262
8809
5543
2519
4631
7833
5849
208
2875
8647
6911
2848
8245
5331
2649
6759
4736
2249
9742
6844
5307
2394
8195
7845
6964
6476
4417
1728
2338
4179
1075
1678
4067
7698
5276
8698
5530
2203
8906
9484
850
6896
2331
9095
3305
6059
6933
8041
8308
6674
5963
4693
146
4157
2537
7110
1712
8033
9917
5129
2212
2070
7886
6279
9768
4241
4976
5297
6444
4961
4780
8373
2935
8191
8547
6240
4249
5479
5359
2557
3231
2400
7250
3377
7637
866
1565
427
8899
2560
6635
1110
4630
4520
8468
4398
9840
4523
773
6284
9484
5554
5735
3497
3744
4281
815
9072
9760
7253
1628
2990
9653
8879
7446
7289
823
89
7716
9722
2649
4350
1911
7280
9950
378
2756
9789
5980
3529
7151
5463
161
2886
38
4984
7167
853
4056
8006
8106
6763
2074
8838
6720
599
6126
7543
1767
3842
8344
4417
9271
1333
2775
9220
2790
6610
9009
8771
1217
6159
5312
1379
123
5351
7442
8370
7283
2576
6375
6468
418
9528
5305
7138
126
2509
5760
1894
7430
4103
7390
6701
6515
1243
6999
9305
7853
7086
8075
9070
4324
4466
1527
4447
9817
48
2816
8178
2624
269
5724
3042
9798
1028
1259
1002
4617
7019
3975
2046
2200
1364
9826
8715
3686
6825
8019
1538
3910
7173
608
8234
1638
3214
3760
2533
3262
6576
1789
5887
7925
7514
7
8801
9621
1266
9803
4237
8285
4857
7363
1563
6221
7188
277
9908
5091
9376
2524
80
7627
4211
8314
9265
7426
3152
2876
687
807
4665
7653
8732
3257
8740
7532
2878
5
8413
8194
9370
3269
5556
932
569
3823
2289
1555
8914
1664
4079
8994
9291
9370
8387
9634
6795
1538
3588
8561
2345
8253
7293
2155
1510
6032
765
5467
7116
9179
3660
7564
3526
9217
9576
4095
4118
1864
6729
3031
4607
1887
3104
3897
1256
1490
4609
8051
4107
8197
7690
7532
6449
4982
9687
9038
1013
1531
5583
8130
1788
9244
6772
5314
9539
6347
488
3656
8211
7217
7766
2817
9104
869
7793
359
2359
2401
9489
6467
597
7179
5077
8126
2160
4763
8242
4253
6294
3825
3461
9161
4147
232
4475
4764
6580
4963
8420
5869
3258
7264
9766
2362
8134
8637
3800
1571
1038
4368
9117
2714
1546
4193
1918
4785
35
160
116
7408
5064
3577
6569
9211
4889
1043
5053
2547
7085
4551
9495
342
1814
9260
3783
9948
7897
8663
2598
13
3030
1714
3806
5655
6987
5725
1518
7022
5885
2714
4429
2027
6291
997
2316
2258
3119
7369
4805
203
1919
4300
1625
3733
4638
6487
4760
3613
6228
8437
3626
336
150
7433
5991
8216
4236
8589
5237
120
1302
745
3226
8672
1742
5542
930
5941
3989
5735
7223
5908
1113
9927
719
5752
6414
6558
9365
2641
4994
4070
2978
6224
2581
47
4439
6817
9715
755
8016
1016
1500
1241
9689
4321
7862
1697
261
1850
8511
7485
8837
9625
7411
634
6455
4903
7193
6898
8624
3265
2046
2680
567
4627
2727
6086
1443
2442
6841
9459
4537
8341
1778
5304
2661
9640
8080
4002
2568
6591
1486
2483
7294
9976
3118
4827
4879
1389
1724
3502
5733
3771
6182
6301
9477
9988
3465
920
3508
305
1457
8046
9725
4315
4428
3464
5033
2508
7466
7602
9099
8952
1163
7471
8928
4281
2297
4885
6749
5100
8387
2482
8871
4568
9862
9427
5634
3326
346
9143
3631
2882
8267
4434
7197
2694
7898
2230
6281
5364
910
6458
5394
2073
3928
5400
7434
6225
284
4182
2404
8671
7743
2353
4317
7604
1779
9952
2008
3204
9094
6718
6087
7360
1151
4362
1132
128
7671
7414
5492
9660
3871
1964
2812
8879
7365
245
6182
7649
5506
8586
7399
4328
939
1715
3010
2718
2745
5019
5923
1838
2815
3088
276
3967
7450
2488
5174
6200
980
665
5859
5930
3708
8671
4808
1072
9995
2069
9801
6580
654
7199
907
2672
9993
3917
5391
2738
14
2392
5655
2830
5480
7011
7876
4008
9499
3049
1286
478
4793
8225
7487
8501
6895
2295
652
7969
4364
452
4548
6097
7651
6534
8770
7643
1529
5239
380
1544
7631
7115
5453
4189
4125
4407
9276
3623
7456
1641
5180
3327
9866
2666
1827
7839
6040
2479
5807
1482
2931
1433
8659
1660
7967
7428
382
575
3745
1841
3198
1375
8956
8651
6643
3080
3057
6997
7782
1591
8638
2961
4918
8503
6707
6745
6342
3825
303
3227
5308
4313
4661
3966
5974
3706
2472
6356
4281
6217
8197
7479
8671
8232
7208
6392
1311
264
3388
9094
2934
3105
3133
7852
1607
918
5676
9028
4744
5979
2255
1130
1370
7995
6175
7344
1700
9726
4778
7061
7021
4054
5618
5691
2285
3905
3161
4675
4169
6549
4847
7104
9654
7981
6034
2340
9978
1709
1367
5800
8767
3622
8009
137
1616
4183
8560
4396
4987
3338
2535
2007
8471
9232
8777
1834
3136
1937
6509
8385
9566
1356
6567
9219
415
2600
2637
392
4310
4005
7272
3076
8706
5280
3213
1401
9464
1773
6876
5529
6190
9411
7537
5739
8642
7392
7573
2857
9330
5160
1241
8895
6516
7808
9192
8010
407
1829
9482
5796
6913
6753
9952
5618
2032
3164
7019
2574
6016
3894
8104
3284
4383
6719
9023
4104
4110
7674
6961
3439
2834
9281
3412
428
7088
2604
8439
8574
4433
7920
4370
1345
4672
4321
8042
7783
8564
6140
357
5659
33
8461
8943
5496
6258
9045
678
367
7797
7639
3807
1709
6919
8298
2138
5085
901
1655
3658
6413
653
9107
8837
6404
4506
6879
4186
3070
3018
4543
9808
4130
4082
9829
704
339
8873
1382
707
7749
99
5593
9458
8097
3890
1595
3181
5871
4329
7919
2283
4982
8104
2199
1385
2610
156
5572
5680
4253
1193
6566
9462
6355
6394
166
6694
6346
2627
8480
4094
2727
5151
3551
1902
120
6226
6163
5991
1633
5160
9353
6616
3263
1551
9080
5873
2786
4651
2631
7039
6924
9197
6501
3278
5591
7746
1050
1936
372
9531
7109
4178
5760
1738
6081
5880
9043
2243
1870
676
7403
1223
7292
1744
3853
6371
7618
6640
2101
248
3678
103
524
1257
4460
6115
9003
5510
9130
9376
6119
6238
4632
1879
7976
712
7759
7019
4034
9630
8774
2515
1931
6065
4260
6863
3514
2956
3502
6694
3204
8260
6797
4807
9517
1256
921
9599
6767
1129
8974
3964
7367
4684
5843
6422
5397
4681
4519
509
5389
3292
4104
7320
435
8364
5261
3949
1319
9843
1722
5602
8102
8519
409
8697
854
2409
8295
8700
3539
8347
2663
1984
3031
9586
9485
9507
4266
5082
1094
9655
8374
5198
8053
9888
4640
3313
4916
7038
3155
6638
2640
2335
5156
4128
2111
6010
7616
405
5788
2233
9832
8452
4218
3941
8037
4781
4526
2302
9864
5620
1956
9316
1897
1087
9204
6537
4400
4119
3575
7556
1835
7294
969
6991
2500
3080
4080
115
4565
9868
2349
5475
9398
7646
494
7434
3505
5020
814
3368
1718
2770
3763
3615
3857
4045
1231
9337
9243
4806
7971
1077
2099
8940
9147
4599
3099
4305
5793
7664
5252
9221
3138
4649
6866
3632
2083
371
9731
3976
4818
2527
6747
9660
7222
1682
3704
8453
2097
2946
3258
67
5102
6436
86
4249
2113
3185
9633
8985
848
4884
8206
5065
9534
6150
9776
2695
7600
584
6671
3497
3111
4496
3156
332
7258
6861
9864
9355
885
4200
501
7067
635
587
2394
3827
4851
2026
3891
6778
6911
2096
1842
6444
9325
2696
9139
6925
3280
6888
421
6391
1384
3577
7803
9721
1516
7666
9075
3481
1866
654
1626
3580
1241
4020
8487
7171
6046
2377
3948
2956
5552
6869
9400
4876
9565
9617
1800
2844
7584
3300
314
8968
7957
9196
9767
551
6861
8841
4032
9806
9496
6737
4465
1815
756
2951
8987
6803
5328
4013
9759
1958
882
237
6834
446
932
9714
4370
8516
3013
5763
8562
969
6037
8328
2600
3976
8248
7711
3782
7743
4448
8247
636
5204
1197
701
2006
7604
4715
1765
9562
6676
3081
7474
8201
4013
7187
3649
2529
1279
9412
1090
3327
6527
497
5927
503
8745
3638
4285
7566
8086
3610
8202
4368
5886
9983
6375
4568
5776
9219
5208
2451
2299
2681
651
6312
947
4301
9920
2226
4791
2089
5553
1318
2586
2559
2900
1330
6197
7185
8896
5361
1873
8176
9729
7759
8158
7182
3405
3933
6400
8613
7463
9778
1293
8115
7169
3319
3494
7088
5545
9364
9177
2177
681
2841
4736
4660
4171
2011
2923
4145
8451
4796
3400
9258
3633
2636
6440
7038
7649
3918
5650
5111
3696
8023
4304
1943
1341
7798
9031
7966
7162
9287
142
8922
3206
4878
3582
8457
7968
6505
2601
6418
2380
7080
5675
6013
9717
2114
4130
7365
7112
858
2475
1886
8881
6780
3829
1301
4577
3938
9267
2817
4303
487
2818
7510
6444
6400
7045
4411
3983
9646
828
6363
6726
6503
2376
6442
9697
6506
3806
6808
8443
7360
9773
7324
4139
3601
9704
9796
8618
48
3691
2921
1614
6509
1509
8058
2908
8554
2468
6892
9278
4375
4333
7082
1956
6709
4602
1652
4293
9487
9539
2736
6847
389
1138
2064
3990
1920
1859
3687
3047
5551
6608
4661
2059
9196
2718
6047
8828
6265
4017
8105
639
8350
6266
2595
6138
867
5327
1509
354
5944
5324
7201
6334
7541
9265
1402
9461
2203
5089
3586
8833
2775
8247
891
1970
964
8017
1876
8308
2033
9982
8947
1462
6247
2621
7600
8193
9027
9109
8547
4970
4433
6826
2382
1973
7170
3785
2513
9373
8874
6099
8205
1649
5425
174
4698
6389
9271
6575
5776
1303
7635
5801
2765
4960
8422
1443
3152
7448
552
1699
3497
6064
9604
5879
9116
6773
742
2707
6145
9617
8807
5428
2344
4231
6682
8121
1698
5952
5774
8553
8334
3408
4354
2178
9447
2775
3621
2599
1302
5252
5377
5878
1315
4980
2835
1510
1753
3578
4217
8977
4273
4102
5484
6617
9412
3244
5816
1110
9196
1590
9663
7529
6077
4016
785
5524
7871
4407
8123
251
9659
3499
6129
2053
9558
8964
3563
2389
3620
8859
2445
7893
2961
9008
5588
2372
2251
1404
4561
1446
2994
5303
53
149
397
839
5673
8268
6325
3795
9598
5983
8373
5726
9115
9010
5769
3756
1398
467
2615
4922
8361
6655
3929
3948
9027
6180
6431
3588
8705
503
9970
9838
653
366
676
6326
8635
8080
1200
9311
4062
651
6116
4256
9661
1884
8012
2138
2351
1705
7060
1790
8360
989
6818
8466
8248
3248
2053
6953
4831
3101
6790
6563
3467
8545
2888
3180
6624
5167
2491
1764
5819
8607
7099
6558
1569
6190
8696
4999
7895
5756
6790
7334
7824
4686
5799
6071
9013
8931
4102
3843
2031
1970
405
5498
1593
4373
8679
8217
9540
2248
1060
6437
854
9238
2995
2423
5427
1690
7422
3322
8525
5290
655
6348
9976
7533
2419
67
6463
7600
3910
8494
9571
5395
3991
1163
846
3748
459
1464
5996
2598
7902
6850
1835
1975
351
7263
3665
8853
1663
3269
4142
3397
9617
5197
929
3114
5264
8471
714
252
6964
1363
6726
2033
3605
7572
5782
4064
9037
1777
7741
8017
9707
9577
1070
57
7918
5814
9989
659
9083
4131
5135
8700
406
7143
2892
6749
5613
4685
7001
2576
6048
4806
4609
732
2377
1469
4796
2492
3247
3616
1587
4032
3192
2657
5168
2188
8472
5157
3926
7554
366
9061
7332
772
6203
1303
7521
2894
5988
5600
5470
3115
405
1157
3847
3862
2627
9722
7433
6953
3337
9021
2063
7608
2756
7231
9796
1227
3466
4800
9861
3832
3860
8271
5683
1141
9574
4282
4035
6641
9883
583
834
287
2820
4681
5228
5447
5481
2661
3478
8819
1681
5541
6426
5516
3850
7301
7823
8396
3179
8762
2227
8119
7032
7911
9260
7685
2192
4374
5404
3153
6036
6238
4520
8856
1997
9748
5381
7478
3487
9938
6296
6247
6557
3801
1763
1486
2180
9586
9882
5359
8347
2108
3477
6457
1097
3816
5220
4369
8190
623
8601
5304
6861
3120
5239
9937
3947
1698
7415
7434
1636
3710
3681
9272
8590
5444
757
769
6108
638
7208
4454
3826
684
1989
6002
4500
7210
1449
3768
7833
50
151
5773
4249
5390
5709
8196
7088
4202
6709
9803
7913
389
9075
7581
6912
910
9430
3019
2628
6637
8552
6454
7321
1619
2455
2900
8829
4984
6668
7741
5034
7898
4592
9283
3287
1379
8558
1454
5582
5266
2335
4573
5655
2488
2153
3645
3399
1582
7743
6027
8219
7373
3559
6619
8992
7093
9519
8900
2076
7265
6640
7110
5163
2310
7472
9529
3689
6029
2061
9271
1294
4397
3843
8028
6885
7076
2751
1362
8658
493
8468
7956
7866
2026
4574
7936
9120
4092
6835
1195
2435
4553
9385
7598
6863
6856
8206
1631
3963
266
1980
5257
4663
5824
4363
2627
2899
7114
3989
2635
8686
2457
590
7630
5562
6243
5565
5760
334
3479
8035
2770
8032
7419
1446
5974
5353
9652
8684
9316
9919
663
5651
5660
7566
1092
8287
1543
9285
3355
4179
7970
5812
5848
5599
2452
2091
1163
8213
3504
4642
6247
7353
3753
4744
8800
805
96
9530
9489
490
526
1230
7220
6187
8797
9391
4473
339
8675
8907
5597
6644
4718
2524
2242
8250
4615
4484
6462
9198
205
3787
6551
5037
8531
6429
5842
9706
5958
6409
1274
7564
7639
8494
3750
7514
8963
9302
8933
7637
8209
4529
4280
4005
8132
7601
2254
2746
3163
9795
1944
3368
3581
9574
8405
3190
6002
5325
2895
3038
2812
4169
1680
1530
3741
5430
9044
2703
5811
7976
1418
5098
3584
5698
181
2794
4377
3515
5541
7541
4388
8564
908
7970
9216
392
1159
6296
5717
5134
9334
8530
381
1014
59
5202
7523
181
7905
4412
9237
9324
588
3899
6100
770
6693
1556
5364
3312
9097
9752
2954
1083
7721
2169
1475
9960
8465
8272
6172
8878
7880
6553
970
9018
1754
8493
277
738
3984
9514
1140
4572
4491
8319
6421
1184
9875
1784
4496
49
1536
7451
1133
335
698
3687
294
9164
3037
7545
9120
1995
5177
89
1012
8010
8582
2369
8748
3644
1882
966
8217
6374
9286
4637
8637
238
6422
4211
288
9037
1661
1421
9372
3439
6187
745
2602
9225
8290
1721
1219
4545
2889
3311
2555
1470
5680
1302
6194
8641
3348
4410
6093
3712
125
4729
3950
7626
8941
4238
6662
1680
6738
7113
5119
2925
7858
8800
3228
7226
1599
4447
1771
4488
8837
4326
7038
4516
6707
3231
3157
1133
8720
328
4845
8845
6137
8796
7550
5077
4112
4211
7836
850
2402
2955
4854
259
2833
8082
8565
4433
3607
335
10000
2444
5740
7037
6960
2446
1346
1195
3580
65
2603
9504
9990
8740
8299
7539
3816
3490
2828
2730
5419
5231
6764
272
5490
9598
9433
5133
5109
3039
5468
5108
6562
1207
3224
3522
4733
4570
5796
9392
5715
9478
8895
5704
8217
8273
3242
3111
1762
6070
5842
7181
1300
2605
8532
7870
2202
9043
3002
8390
2081
9550
4577
8644
1835
8880
3244
6568
3449
118
7038
242
9597
5933
5946
7813
5284
9188
2003
7046
6337
7845
5305
7637
449
3836
6585
3731
3957
666
3199
6038
215
7776
5760
2050
6655
82
9698
1183
1280
7814
1425
1955
3746
7372
846
9030
7638
2849
7154
3974
693
2458
2690
2222
7373
353
7032
1329
1019
230
8447
2313
9086
5285
5443
5740
6447
6219
8002
7727
4032
506
9682
8858
8957
527
8966
6594
4456
6120
1647
6228
9657
5416
8450
8109
5769
5481
9438
7868
6791
8963
180
5876
4248
5623
2694
1773
1841
1775
9500
5874
2281
259
4731
1237
1865
3696
8910
6321
894
1635
2549
551
7051
2077
9739
3899
8638
254
1766
5428
9218
1946
2382
4544
8649
6155
6317
489
9009
6895
7442
2368
7154
3251
3605
9019
6948
3594
6419
8921
6308
46
550
4438
2123
288
8337
760
543
1181
7267
839
4206
9649
5383
2854
6883
2778
