39
8604
8002
1062
6156
8227
4671
733
4196
5574
6031
5907
7674
382
4037
6247
9262
5833
1740
7614
7979
8125
8907
127
20
6289
4327
2435
1261
7334
2503
1300
7017
504
2363
4251
9811
8113
4984
4006
3686
2093
991
2438
2475
6107
9764
2816
1939
1503
1508
997
706
414
1124
726
7783
5452
3162
9044
3864
6744
1423
1959
8327
4865
6210
8137
2977
2272
3221
7742
4366
4212
179
7920
1397
9943
1814
3337
2524
3323
5413
3231
4816
6537
5036
2598
3067
9277
1642
8011
7099
4144
9970
5426
9009
7259
4641
1985
9531
7863
9727
4975
3153
984
3974
4551
2005
5788
8967
5608
189
4379
8839
5006
1994
4954
8683
5062
5309
1403
4151
2408
5547
5199
8913
5634
2457
3553
8698
3067
2494
9503
9121
5648
486
3094
198
3570
9962
243
9179
1229
4622
9096
7314
6616
4049
5997
2756
437
7400
6907
3924
4026
2106
2836
738
5642
7468
9437
9788
9963
8939
8909
6689
504
2002
7966
4074
3042
8209
3252
4272
2830
2348
1585
524
7476
7582
3281
7913
6061
1266
2915
1165
4451
5751
1903
1172
4298
1339
959
5339
1357
9868
2027
1861
2949
1071
5935
5991
9280
9188
262
3188
2614
1848
3712
89
508
8072
9082
6569
417
1996
8813
5947
8827
716
7119
4203
3134
8079
9542
4491
7946
2647
7431
894
3718
3366
7965
2997
3632
8227
7264
6246
74
2054
7414
583
1205
7574
8231
1622
649
7044
7569
9476
8839
5767
4757
3051
3845
4298
8622
2869
6945
6052
4843
1741
9418
2807
5817
4128
2112
3080
1452
2187
6213
9946
3849
7418
7519
3158
118
8168
1280
8767
8722
118
4533
3478
3170
9457
8855
1791
3404
5799
8922
9326
8619
8340
3211
4435
3546
5324
8594
4999
7511
4807
4944
2438
3303
2462
5596
4501
1709
6877
3267
430
8074
8879
4988
2322
9414
3842
5192
2817
720
4114
2143
9339
2453
6433
4853
7078
1756
3446
2076
9267
9332
8099
2783
3714
1640
8380
8215
3349
6335
2560
4858
4408
1438
9846
6731
851
4767
1922
4747
5487
6036
7969
5904
9568
4402
756
6646
6158
5282
9801
6504
5692
7900
9287
9406
9540
8745
7620
3967
5079
179
8825
9488
2696
9750
6218
4626
4516
8140
9374
1081
5255
7342
6985
4822
1743
7742
1467
8981
4102
2347
5484
9794
246
5849
9200
9786
4594
7898
3752
751
8078
3655
238
1852
4483
7535
6479
8999
6754
5852
1158
2008
4272
8144
7909
7095
6964
455
6075
1065
2802
2637
1937
3048
8486
1136
3912
4158
9035
8743
5989
8191
2397
6227
1121
6881
4841
7600
6958
1594
4530
8117
4681
8803
7339
2589
5897
5381
4123
3050
7525
6925
5687
9462
9973
5251
1677
3884
488
1790
2626
6477
1059
6103
3782
2180
4062
9702
9781
2098
2374
5389
1293
7055
4191
8632
723
1166
4012
4846
5295
1536
1771
2060
2077
2822
8391
3754
7786
8879
5544
1490
6434
6603
7593
1294
8783
2733
996
9642
4832
3370
5031
6125
1504
300
5836
2227
2546
9848
8152
7841
2463
1001
9902
5619
4903
8292
9373
2688
8249
4916
4178
5761
2597
2850
7055
2458
5583
8051
2100
1493
1421
8210
7619
2925
9589
3454
6231
2134
4380
4382
1054
7922
6463
2034
3540
1365
1404
3991
4053
9653
9986
9310
5413
2582
3238
3546
5041
9901
1597
8220
1393
3018
7508
9012
7022
7096
3544
3252
309
9004
8713
1363
6925
5175
3397
1544
7619
4801
6614
2750
5532
6600
2060
2023
260
6377
5569
6380
6277
7166
4599
7671
1262
3185
7761
8284
281
1305
2614
590
1387
1327
3032
9391
7581
6429
934
6279
1229
8628
9029
7840
5227
2167
9863
6566
8545
5431
2946
4821
3676
8624
3570
4938
1809
1331
4301
2090
3715
7994
3759
5102
399
6791
4492
7981
4298
6506
4259
6606
5133
4366
4445
1438
6534
4307
8004
6157
816
949
2056
4492
9574
5627
509
2461
8037
5889
4551
1751
3882
9389
7932
4282
7258
2423
3341
1555
7
8679
8161
6219
3044
2605
7657
656
7991
6740
7892
8807
7689
9949
4378
8341
6654
5966
801
4690
1854
6431
7520
6815
6898
5451
2175
4155
8953
6595
5710
8961
5273
3870
5179
9397
7554
3915
1131
5544
654
9024
5430
9422
50
886
8842
6704
6852
721
2472
9785
7153
9992
7678
4050
5442
9854
9285
5473
6448
6073
4433
2800
1022
691
2196
8576
5685
4406
5199
6339
3429
628
6839
4558
1514
5680
1261
9445
7481
4812
9229
4633
4803
6906
9762
1323
7838
124
6797
4286
6198
2308
7086
7220
2999
360
5795
8684
4766
2072
6101
9275
2700
4019
3832
5293
777
6173
4737
8258
984
5044
3969
5788
3029
3731
8190
866
3855
4986
6231
52
7295
3316
8351
1372
4755
4146
1135
600
7297
8315
9875
1076
2333
3706
6369
3111
957
2185
2447
1942
8308
6417
8809
1336
147
6998
2203
5081
3063
8434
6213
1436
2829
4563
2808
8663
9788
5022
9263
7085
3337
9137
9240
6749
3922
5608
938
4879
8872
3386
7900
7180
9803
6708
8516
1028
4785
1797
7188
7848
1310
3400
362
5218
9043
4249
3880
9909
9272
3143
8072
3687
3358
7311
435
7280
2919
1374
3238
2869
5839
1137
48
5641
7846
9644
6669
3709
2519
3856
2635
4908
8336
2997
125
7378
7246
4006
8365
7596
8228
6437
1282
1585
3747
2797
8866
7745
5250
2103
614
1088
3240
1741
6729
2164
2463
4476
5873
4983
9411
8508
969
8825
2583
1095
7281
9830
6180
5646
8504
4407
2082
865
5992
5829
3662
5936
4653
9991
9118
5267
1078
3437
7008
8886
5601
550
4440
2553
6612
3850
2139
7581
3754
4723
8676
1034
5631
5934
6680
4134
340
9841
6078
7412
6749
9740
3347
1401
9730
2465
6668
1886
6981
4754
771
2581
5304
5211
6213
1915
140
8353
575
3894
4154
9251
4928
863
5185
2687
6076
6604
2527
2154
4015
354
2972
8442
1755
2702
