6896
7604
9527
2664
3717
3702
3531
7697
6489
3006
494
7226
757
3439
9447
8467
769
6477
2498
8158
5347
562
3086
2472
2240
5046
5017
5601
169
2577
4350
7066
1259
3876
808
4976
8657
4339
2673
5145
7345
4246
3450
9181
8765
2896
7648
612
451
145
8770
5799
1786
1855
9350
5105
7980
5446
705
8149
8023
6135
6293
9282
1089
7101
4257
825
1439
8009
7049
9864
3334
498
9044
2098
4473
6691
2710
4925
7915
2558
1802
779
4413
1151
5885
3471
7676
7669
1619
6777
3803
7913
6058
5972
5013
1394
6797
7532
481
3845
7395
3815
5423
7517
5913
9896
5287
9702
5899
3201
2259
7701
5060
7751
9932
944
1221
7607
8613
3920
4384
3495
1832
1520
9467
7924
3993
7342
6534
4475
1186
5007
8290
6609
2524
5282
7584
7811
6062
3482
2090
8322
1183
7150
7151
1114
8094
8373
9800
7786
3371
5262
1280
5203
7862
1825
4205
1854
9167
1818
7408
1431
6825
6777
8041
9349
2058
5624
7159
9199
184
328
8599
1367
7478
5750
3560
6651
5201
4439
4436
8572
9701
6795
4853
7562
8620
136
495
8865
1954
7903
295
8780
4679
9415
8128
7816
6117
6366
7015
6302
6694
5613
7669
5250
2441
2308
1900
7642
6747
7415
7292
6447
4209
3223
5088
3907
3360
5583
2771
5314
3485
3067
4093
8165
2481
3300
7059
9678
744
4073
5979
8517
765
4726
3766
3206
7034
6746
1927
3780
4160
297
1306
9449
3521
6394
3355
7960
3055
6127
3273
6540
9194
8446
5783
2753
2824
2842
2430
3568
7994
9488
2084
8759
4214
6929
3044
2326
4753
6050
6107
8914
7426
8492
8362
946
5964
2795
8906
9019
8922
3258
5558
9194
2782
2420
3026
5606
6341
6535
9174
4334
6023
2336
4172
1315
343
8295
3641
5097
5423
826
5089
2848
396
4529
4874
6360
7324
4858
5378
6246
9195
2015
6518
1976
5514
622
7582
1854
7158
7834
7267
4259
1248
2517
6653
1592
811
293
7768
7313
2199
2856
1240
2595
7385
6114
34
4708
2050
5412
2032
1245
8506
9630
3221
4019
251
803
6952
8488
8637
4219
2746
9886
6736
9399
2556
8627
771
323
7018
4049
3179
8258
7723
1642
4371
7757
6350
6422
4248
9462
8746
3832
169
1966
7852
420
3848
4803
8909
3564
100
2733
4528
7916
3211
7084
7621
5061
7407
4638
9110
1664
2896
7911
3306
8346
6747
734
5846
994
1274
4591
5905
1443
7637
3756
2943
1484
9639
1851
5048
817
5663
654
8733
9953
7738
6353
5013
6223
2070
5201
8966
6045
3112
2271
4390
937
4085
1315
1931
5359
6985
7836
7882
4621
2671
824
7185
3388
3754
3311
4205
9417
3966
4017
9370
2782
1448
5461
9006
4597
662
7971
641
4853
1321
6111
5790
5406
7426
8800
1843
5489
7714
9725
1189
1463
1627
8374
4851
5381
2763
135
5877
7808
5231
6325
590
6679
1785
674
1276
3526
9724
2996
8379
1044
9107
5247
7529
7611
4046
451
3100
2839
175
4289
4302
1803
3741
232
8263
7583
1446
4139
5391
6677
463
7060
4434
2249
7734
6789
5775
8536
9786
5233
9581
9971
479
7109
7582
5605
8639
1760
8444
8815
7128
3824
1696
1947
4056
9959
9530
5502
5177
5999
3257
5640
4137
7692
8968
2949
5559
5822
1485
6423
1054
1065
6394
2612
9253
3975
9296
7892
6814
7739
7785
3941
2642
559
5888
7777
1596
6496
4358
6773
3574
7615
3492
7711
6385
2459
660
1944
8281
3224
8367
413
4289
5839
4105
4620
9814
3400
3590
7706
2218
2453
1646
4860
4091
8613
2636
6767
5109
6994
4618
8683
5688
8110
6393
2072
1648
8132
5095
9929
1355
4541
1421
6723
379
5526
2422
1272
8926
7091
8978
1143
623
624
7082
4714
9237
797
1480
5424
7791
6099
4106
3478
5287
1578
6630
6935
788
1724
7943
3223
6265
9364
9946
6645
5968
3446
7917
4893
537
7973
7116
2239
8597
5276
6953
8913
6073
9513
4336
3864
6690
9522
8421
1976
2178
6129
9991
2966
7854
7933
6189
5197
8375
7214
2920
4342
1738
1915
313
3354
9889
8508
5593
9564
3784
3625
8476
9857
3137
3891
4799
9827
4491
3220
2881
6669
427
2871
713
8281
803
7982
4557
256
6274
7477
4598
8012
471
4912
1366
1438
3419
6959
1001
8282
583
556
8139
4799
4447
2937
5704
16
7236
8586
7764
7664
1456
8477
7023
3339
7537
2658
3595
3810
1214
9273
1822
1685
5263
4267
3123
8682
1225
4124
6964
2888
5759
6181
7687
205
196
3391
1300
7433
3055
9064
6175
5590
8620
4276
7
6156
6935
4682
9967
8149
3954
2867
912
9217
7134
4035
8977
9438
9238
7019
2325
4997
3199
1091
6281
4475
5561
7582
2986
8616
7724
9161
4205
6343
4515
4213
2499
1449
8895
3544
676
3927
6411
1588
3143
4623
6702
3198
4060
5940
217
7465
2015
4495
8556
8296
48
5195
6956
3034
3810
5759
3273
9094
2101
7789
4385
5679
9238
4358
9223
993
8285
6712
2581
2506
2413
9284
6784
6474
6302
8080
5017
8317
3653
4651
7691
3702
9846
5726
6736
3655
1484
9
3827
3585
7798
8213
343
8114
3649
644
9107
1934
8436
2767
5519
848
2050
2302
8401
9431
1460
3417
8826
5114
8068
6516
8816
7913
3320
5551
2646
4804
6639
7553
9469
4436
6844
9812
3629
492
1534
2735
3505
9970
6581
103
818
9710
3484
9219
9140
4945
3715
7965
58
2861
5560
9953
774
8880
5503
4499
4763
3221
3130
5310
7657
9974
6200
2364
1545
7734
6179
5050
7704
2759
5153
9601
2469
8638
9898
1608
4661
3612
652
5798
6474
6212
5750
8327
6170
2331
3904
2011
5552
8114
7321
4288
8087
4599
6652
9632
2333
2830
5761
1115
5590
1992
1794
8059
1708
1691
745
6369
6383
1397
2166
3935
8688
7916
3340
5937
247
7244
7948
6878
5357
6348
1165
4523
2025
8897
5233
4358
1726
993
6552
8395
2986
9425
6453
4694
1116
8278
1063
8578
9675
4308
2512
9442
3303
6931
5378
3550
5253
4404
1506
1689
1830
2672
6212
3856
1568
1444
9293
4373
3517
6924
2768
6503
6348
9221
2275
7464
7498
4417
7120
8252
8726
710
7693
2028
7641
4149
6657
2894
8553
8163
4583
383
1913
1873
5318
3481
4396
4610
8934
7913
1533
1701
5494
7882
2000
7770
6424
577
3265
4623
8829
1990
5333
7600
5097
2974
1748
1753
6947
1379
995
1529
2841
2908
4481
8159
7469
8877
2769
6402
7869
5381
9182
3362
4341
1181
2210
765
1758
5476
6467
1665
8545
1799
9265
3642
5852
2091
6474
2798
3471
8548
5406
7391
2535
9887
5550
3
9843
9398
7484
7711
4778
6665
2151
9120
7846
4362
963
683
916
7430
2348
9461
307
2692
4181
6160
4783
1734
36
9333
281
5443
6724
2816
6408
2273
3898
7329
2749
1381
5039
7527
9125
7191
7725
8050
2631
8688
8733
3547
7196
2159
3007
7504
4851
8268
4742
713
1
4778
45
282
220
7848
4178
7708
1199
8076
5036
3948
536
1154
2554
9661
8345
278
8789
975
45
7521
5601
8320
759
8608
5823
5610
7954
564
7402
7955
6422
8527
9317
6642
6374
3494
5428
8653
2648
1543
2600
3184
2697
6233
3924
2120
6512
2712
3095
7636
1312
9775
5955
2071
8382
2857
8760
7415
4500
6162
5369
921
4688
4685
8643
2140
9258
5149
792
1906
6692
4472
5090
9389
704
9014
1508
7216
1726
5682
5930
3038
5456
2964
6188
4917
5821
4947
2331
1399
1108
8779
2321
6875
4543
2042
9016
3800
7191
886
6785
3883
5358
1875
4350
6063
1967
6938
4357
4772
3698
287
8889
233
3251
5076
5150
150
23
8560
1549
2210
8417
4949
9086
2959
8070
9180
6760
5261
65
3544
222
5424
6498
5651
2565
9545
2588
6922
4316
7366
8288
3205
7599
2617
8281
3827
3846
9383
2386
5396
1593
1881
1423
678
4841
9494
936
2679
5833
1001
7302
7134
6425
3800
2784
8990
3344
6452
6991
8739
4896
6357
1943
2494
8975
224
6321
2820
9607
9786
9295
2278
1666
1797
4035
7586
2369
4971
264
8202
5973
7567
6414
3476
2445
276
3545
6868
7807
535
5606
2702
6892
7550
5196
6945
8853
2595
844
9538
3459
138
1816
5126
3014
5851
3790
5383
822
4055
3584
7874
2700
1076
1349
5145
1353
4894
2012
9160
6508
7618
1862
4479
6246
8137
1423
5098
732
3346
5715
4191
3485
7531
395
6499
4460
4186
2961
5282
9320
6545
3155
2019
7622
5584
7164
53
1556
254
9213
8065
8951
1074
3622
6276
290
6124
2452
1022
9471
8167
6292
4034
6776
7767
1611
1236
3031
4572
7597
2350
2196
1831
5448
896
7415
3690
949
8971
3944
161
8114
3973
2315
1735
248
2605
7860
2701
4706
7330
1946
2076
2442
8723
921
4053
9959
5031
8626
7555
8460
821
464
3907
1717
7879
7597
3745
7929
2619
4985
6042
7672
7300
8857
7920
983
7795
1699
6768
5124
3646
9924
7566
2368
844
2697
3405
6955
1322
2038
5414
3222
2503
9322
6018
1460
7997
9763
467
616
4748
7589
8288
3126
6445
7286
4110
4239
64
1956
441
3710
1879
9086
7157
3803
1782
1640
757
4184
3678
6171
7406
7260
6571
3424
9800
4568
3186
266
6263
9013
7855
5629
2139
5378
3993
7328
695
4057
9284
2215
8846
2242
1300
6002
7124
4162
7642
8960
8346
2399
6209
5751
737
2780
253
536
8427
3440
1882
5768
3531
815
2475
5670
6194
6468
2997
7968
1604
3360
183
449
5602
1483
7531
3804
5645
6251
2763
5069
8650
8972
820
466
2830
1073
1002
2335
5592
3963
8103
9124
4779
1656
5872
2051
8125
8870
18
9729
3308
201
1256
9989
2764
8787
3792
9488
5038
7634
4557
4766
7684
5377
5232
514
7529
7314
3928
4200
1276
3110
4402
7134
4766
273
9185
2890
221
9204
3697
3529
483
6033
3517
3247
4819
8388
3814
9857
6021
8371
5702
3705
4826
933
5298
3433
9326
9226
7633
602
2335
2034
8815
7102
3387
8000
1070
3608
8282
5847
8217
9844
1879
1733
4170
6698
1200
7984
7634
7221
6354
3335
925
1179
5347
7302
5691
4673
6528
3324
6354
9942
6437
5168
8122
9824
3167
9193
4511
2527
6118
2727
2371
7997
5539
6541
5773
6739
5603
3406
5039
1956
7820
5964
4214
3167
4345
9905
8919
1951
4307
5272
1892
744
439
1093
1646
4686
1364
6157
8292
7482
9963
1741
5478
5502
9361
1250
3319
4963
5736
8358
7998
3555
5401
3290
7801
9746
3195
6719
2775
8581
3069
5746
9325
3509
6839
2050
9274
8203
9286
7565
5684
9249
385
1161
5829
9746
3491
9148
4709
9227
8585
2706
3860
3985
5997
1661
4809
270
9459
7584
9930
2528
3329
333
6037
1247
2383
6389
9450
1668
5032
5134
1995
5417
7374
7824
5163
864
8051
950
1169
6635
3656
5030
1698
731
6691
7586
2080
6149
5169
2010
8677
9577
2343
5792
823
5805
3259
1352
7473
8292
7565
9469
3708
4938
8371
9950
6882
6421
899
8051
4134
5635
3080
5832
7445
849
3417
9526
8078
9665
2614
7833
320
6036
4704
2222
1840
7963
3574
391
6254
2217
938
1041
8235
9310
990
5116
6809
1890
4245
943
7525
8405
6775
4969
332
1271
5573
8410
2014
8187
6243
3413
5301
946
5636
8220
9988
288
8612
6242
3585
628
7283
1819
9938
9352
8014
6747
1241
2258
8769
8766
1741
6622
4814
2074
7893
386
483
986
9653
7805
5478
6032
9830
2192
4252
9818
3560
3942
7138
7145
4570
5499
8964
5587
4850
6977
3412
6092
313
2180
5936
2055
8802
749
4129
7774
2215
5691
8760
1867
3496
4237
7899
3325
7509
2150
4221
1068
7171
1358
8213
1741
7936
7176
8407
2786
5231
1818
9957
5544
3998
6971
8678
2799
7721
2806
572
9936
8498
410
2881
3072
5727
1858
7476
3235
5088
1697
4303
2258
4134
3594
5078
2070
1848
3484
5935
7079
6381
6970
3701
378
3940
2379
4257
1660
6264
5908
2674
4761
6319
6634
8912
3124
8493
6388
6359
4659
8085
1740
6917
3297
5334
1995
5367
7182
6558
2380
5339
2939
9350
9040
4396
3290
2497
8653
6029
9841
4561
9783
4601
1958
7495
3513
5082
5987
979
2519
1724
9064
4259
8642
2360
671
1715
8807
8932
9352
2265
4270
2290
1615
4388
6687
5984
7965
6418
2012
7805
978
2873
3484
2936
368
8076
9097
7434
9055
1615
9159
9197
6953
8879
1557
7624
593
1442
7634
1023
3707
2982
3314
6401
7371
1079
2384
6414
7497
5476
5297
9555
9428
8781
3569
9796
7936
2666
8309
6990
4281
8546
6187
2313
8503
8823
1015
174
1343
8650
1197
5050
1631
4511
2530
80
6669
4914
7573
5245
1468
2869
5878
896
1650
9447
1770
9586
3191
78
7654
8552
9703
4919
864
8205
4820
1879
8379
6163
1607
9577
2292
4318
5166
5901
4398
2914
814
1971
8159
2283
4840
5115
3179
7569
4561
4949
8233
8832
6107
6966
7383
6888
2963
8247
6172
7784
1204
4550
5025
3891
5205
8396
8209
1450
4296
3685
4364
6190
5656
3601
8473
1575
8716
2730
222
4355
8758
9535
3186
4864
6500
568
2831
9463
9894
9003
8325
2177
4631
3350
6068
9837
2824
5355
1286
7121
9040
6729
3310
5775
1408
2861
7350
123
5591
8651
5557
4348
8185
8744
291
5763
390
3122
5226
1363
3203
3550
3540
7834
7979
686
7670
803
6041
34
9003
6159
7842
2312
1933
9250
6252
361
451
1842
9013
6009
7269
8276
4752
8639
4039
6221
2839
343
7584
6042
3893
2202
4955
2951
2888
2624
3754
7
3738
2756
6167
2658
6147
8100
1908
2398
9541
2359
5319
8553
8368
3666
7907
4198
3384
1945
419
7302
3367
8003
3344
8340
1284
8299
1290
5251
2001
6123
5259
6818
8879
2504
9477
6104
1682
2463
9581
1222
5901
5978
853
5348
9644
8761
9546
3027
1784
1043
329
5152
125
4752
3491
1409
4129
5860
6660
7209
1982
2997
5106
1939
6580
5661
8043
9342
8124
8702
563
4024
4679
2496
9372
4322
2335
9997
8429
5198
1039
9837
349
2243
5667
4919
3652
874
778
1391
8083
3839
4388
4267
5778
2047
9928
4899
1388
8051
3600
3030
3154
8279
5526
3604
2601
8940
3600
2108
4138
5719
3023
4487
7962
8690
485
2693
9564
2342
4084
8725
6182
9551
2992
1959
1597
2919
6859
2985
2049
458
6016
5203
9817
2620
8807
2417
1560
3486
5604
5698
283
8627
1263
8245
8395
1748
2016
7958
5170
6100
7761
1351
5651
1831
4389
7248
4751
2326
1312
7879
3864
8407
4160
3680
1026
4045
7176
3665
7531
2779
9363
8893
2484
626
7138
878
3453
9154
9915
8623
6333
7675
1052
1983
9507
5442
309
5336
7768
2700
3214
1631
1106
7374
6390
3212
1418
3565
6877
28
6344
7319
8921
9907
7945
7137
784
2476
7370
698
2178
4781
8374
3230
6764
8959
9751
8152
5373
8598
852
9666
1307
3037
8118
7698
6249
614
1262
4205
1721
8686
1523
642
8592
546
8858
9377
3022
7306
1153
6279
2086
605
588
9929
9564
1417
8081
6015
14
11
5680
1322
4127
3797
98
376
4412
2439
4581
6133
1124
7183
7854
795
7729
7791
1250
1829
5096
2403
8109
7183
3009
8697
7111
3651
113
6270
9667
1207
7360
6425
3608
1487
222
3706
1863
5713
6145
7523
2924
8349
5784
1857
9144
3512
9648
393
5341
5822
3875
4528
4083
7963
4303
2273
1614
5496
8543
2359
6703
6982
8784
310
8469
84
5095
1410
6876
1239
8933
879
9588
4716
2736
9810
9307
3462
1281
4647
362
5157
254
4446
3119
4557
7798
5812
52
6340
8171
6755
3321
8034
8144
2868
8118
3238
4278
4994
5557
4289
6952
5144
83
9688
6033
9390
4228
7314
5116
4590
2470
5370
114
6669
9927
7912
2480
9980
5331
1730
7813
9731
9764
5957
2599
8960
273
7956
3953
5830
2245
904
2053
2328
1670
8086
1718
6977
6478
7913
2646
8949
3282
2760
6696
4287
1751
9176
5345
7082
1984
4237
7891
1747
1272
1568
707
1545
9525
5739
8455
1769
7723
507
4097
471
9672
6894
7449
6149
5885
1173
6176
245
3933
2871
5612
6763
3126
956
4923
5110
5193
2814
7937
6465
5461
9723
9090
4985
6540
7544
6754
5341
9130
1930
5813
8801
9903
4340
6028
6867
5513
2204
7112
524
5075
2723
7288
9280
4759
2210
5469
1030
6103
3405
7496
1564
4206
7664
6549
745
5207
4382
6087
5415
7391
2978
4215
8372
7318
242
5238
3909
2446
3429
4433
8601
7231
1720
8959
1989
5010
4427
3020
1112
7832
1594
3755
2037
9258
1383
3862
5543
5765
9949
957
4234
2926
5172
3684
1322
6493
8923
5231
18
3430
9664
9698
660
2463
8656
2650
8552
3083
6749
742
1993
8343
4498
5110
7600
5881
8972
4221
2724
9999
5178
8037
4003
1428
1720
5325
9000
642
1634
9018
5151
2376
8715
5812
4839
8450
9541
3390
1532
6289
5212
3525
4631
9710
8635
3309
5590
8685
7530
9393
8683
3786
7429
2685
6293
9149
9089
5292
870
722
5389
6021
4178
5182
2911
9017
3631
2451
3486
5163
8740
8698
8689
4449
9486
8402
7758
6154
7087
6366
5546
5769
1230
4053
9534
7523
3201
9701
3894
5150
1502
9283
2250
5680
4464
5161
4696
8096
7613
9261
4337
7431
9037
4104
1880
8522
2506
716
4675
671
8162
1299
7519
9392
5352
8131
7994
9633
7832
1887
4782
9334
1169
8111
5013
6712
3272
787
5886
1963
48
223
472
163
4327
2352
9765
7912
4148
5518
9662
2309
6818
7181
1700
3248
5311
9694
2880
3142
1580
8742
2475
3828
6852
8567
540
1202
9355
7505
4244
481
7728
4717
644
3134
8148
408
2124
2295
7006
1786
4604
3823
45
6305
7071
5356
7077
1030
9578
9737
9772
3131
3564
7702
1698
5183
8905
2131
3767
3148
2612
1494
7865
4335
5707
6013
5823
8911
8308
2828
1775
3991
6651
1820
295
4800
8255
8451
5830
7832
8187
6680
2042
2830
4382
3740
9092
3286
6950
2858
6434
9562
5432
5378
4975
2217
2469
797
1127
1855
4704
2902
5846
2433
5801
7220
7234
4056
5671
4142
1887
4936
822
5008
7766
5204
9827
7937
9569
6776
794
7081
7416
7305
2458
2391
9523
4927
4267
649
6783
8972
4631
3707
2483
431
927
795
4487
6598
4938
7454
2612
6839
2461
378
3121
2288
9394
2689
142
187
9770
7559
8572
3307
1028
8094
9313
5295
9822
7174
5345
4452
881
7829
5963
1808
8624
1528
9485
4640
60
2096
1478
3601
3553
4599
5889
2946
8367
7110
4213
8137
4668
2784
1443
5696
877
755
2070
1777
7930
7415
7309
8811
6322
3271
1697
6025
5878
1181
664
5939
3277
3222
9540
6831
8900
6507
9777
7267
3616
3989
5403
8285
6773
7925
5059
8729
9759
7129
506
7688
5623
7815
7577
3023
2164
9274
9048
8042
454
791
3980
4811
5092
4598
1641
3991
1104
2496
2336
4721
6486
8818
4084
4337
6742
221
4145
6501
7351
4651
5267
4052
3544
2844
8154
5708
3196
8281
4828
4730
9072
9888
9541
5242
4485
2260
311
5590
4756
2648
1389
2320
1465
5473
7737
9287
5694
1881
5787
4123
7611
2132
9254
2233
6055
7408
9020
9252
5688
3847
5060
5838
3734
5679
1079
8220
7939
2469
4888
3773
5117
6277
7173
7662
1749
5988
6948
8522
8948
3813
3724
6558
5945
2977
9870
2000
384
8889
2330
7151
2735
7390
2988
6470
3068
5146
5768
2085
7616
655
6937
3811
6932
5188
2551
9760
1175
9499
9360
122
3311
3083
7759
335
6061
7628
2335
7524
6516
4665
4675
9252
3133
8742
6800
6201
4967
3646
9365
2582
4301
6301
7472
2311
2568
23
3149
3743
600
2508
4945
3912
5592
2703
5326
1652
1410
7661
254
7926
3404
4929
8256
6537
4750
6134
3816
9717
9780
3180
3377
5159
559
848
8549
3127
1950
1697
7950
2551
4206
3973
7542
9798
6676
2867
2528
9165
1606
2782
7091
5010
8791
6425
2625
3540
3638
6441
3256
4496
699
6633
9656
2337
8560
8204
6544
510
9902
4493
3061
5186
8466
602
4983
6220
3469
7511
5385
6154
1371
3554
1163
161
1057
4867
3701
5774
1307
6957
270
2006
4668
9926
5422
3228
9208
1965
4817
187
6458
7878
5373
6002
9559
1434
3301
4106
23
9765
259
1395
4397
2501
1556
6533
7368
6337
2307
9754
3293
2577
2838
9041
3581
8260
3347
3867
225
8164
4055
7762
7120
506
3764
7757
3020
8144
2941
3043
7908
3200
5517
3383
6780
8153
9916
4147
4489
2222
3900
8861
4799
6738
7901
9459
4997
2326
3326
6301
489
8460
4063
8688
44
7827
7523
3064
7049
463
7187
4956
4742
3782
9418
1521
1934
9333
6747
6423
1555
646
5284
7433
8463
4263
6892
4539
6590
1296
839
8158
9756
4902
7925
9800
3807
5447
3943
855
5911
2208
6890
652
5990
6307
2174
7925
5640
10000
4347
8274
646
709
6785
187
4973
4755
5805
1562
6051
6645
9720
6885
2625
7644
6685
7512
4170
1706
8367
80
3914
5257
1811
9904
2642
5064
8907
8282
5064
3254
7634
6789
3963
4419
8055
14
9174
3860
1576
6304
1583
2375
3188
5287
1097
951
2798
5267
2657
1165
6426
7650
7501
8238
8633
142
4380
7539
9504
9444
792
8216
6232
5835
2634
5366
5849
2887
9226
8505
9191
1887
1958
2378
7174
3055
3330
9973
8323
7066
2216
5827
4716
9717
4064
3348
937
9524
886
1519
8967
2758
9736
6278
8593
2369
1643
5520
5256
1947
5103
5525
3834
7061
7904
1007
116
1233
979
9518
9378
3195
5344
4093
3990
487
7441
6007
10
9407
7526
55
2164
7261
6333
1835
709
9055
8434
7044
1001
3537
2569
4835
597
1551
6922
713
2784
8980
1309
3240
2175
6654
7334
7244
8220
5853
3250
9309
6338
1855
9364
8502
194
6776
1415
903
5830
9850
9027
7911
3386
1595
2745
3983
3146
745
5776
7009
9726
7085
248
2979
3738
8661
222
3036
5593
4552
2344
1930
6407
1708
432
6601
8484
2926
8584
5392
2775
7610
3302
6161
283
7127
1223
4508
7872
6999
2595
7597
4083
2843
575
8901
2583
1877
1936
8176
6429
5360
105
3914
7068
1616
514
6630
4543
176
3100
7318
7786
6403
4558
8069
4608
5781
3655
2479
3858
6250
76
7941
172
1730
7920
2755
3607
935
2009
35
6295
2114
3949
3362
3731
5543
1070
9353
5719
5249
6670
4584
1651
2306
3731
6259
9166
7387
9818
3023
3636
972
2043
3808
2702
9963
7642
6310
897
9651
7424
7192
2844
2452
1632
7654
7995
3781
7006
4792
9031
4754
454
1760
7061
4186
9099
6226
1572
8916
328
6287
9888
2371
1174
3668
2333
8816
1056
4310
8467
8481
1501
2389
932
4213
42
5
7994
7048
5876
8103
2880
6331
9864
9941
1595
8962
7246
3167
8956
8653
532
9922
1023
1706
3589
4435
522
5725
8745
67
4205
1325
2456
6216
6617
3577
7300
4610
624
4254
3792
3504
584
4734
4524
3258
3695
2848
7504
3729
1500
8037
4729
3602
9743
9397
8037
1343
5121
7861
2489
9326
9186
6024
6620
5802
9601
3919
1490
1303
8174
6361
5887
9837
1094
1489
3095
5868
4337
598
9597
6916
9714
4325
1596
535
3722
9633
1878
9922
7493
5447
9248
7757
2549
6946
4637
2150
1944
7207
4532
1196
3567
418
1032
4662
1907
5206
529
7323
6884
126
5317
6597
5530
6913
7132
330
7625
89
252
6196
6615
578
3953
9164
7524
9669
2392
9468
6875
6925
1742
442
8422
2775
5104
1408
9060
5633
8731
5943
6838
5127
3619
2368
3118
1829
3777
742
2997
4029
6939
9612
5686
1970
8776
4289
1638
1167
4835
8514
9171
6578
34
7593
431
5138
9001
9491
1849
8810
6513
8688
3936
1210
2134
7055
3039
5911
8876
6037
1019
5814
6727
7784
7784
5502
2072
501
7749
6908
93
6919
3485
127
4511
3916
5265
4590
4485
7114
3400
997
6880
8415
2207
9014
6548
6326
6004
6503
3441
7023
2316
167
4806
1179
6749
7958
2759
4497
4865
2852
2494
9429
2979
8085
3344
8244
2674
7829
6436
7153
9906
3316
6647
3191
3408
4273
595
9412
775
4036
7513
4171
5283
3398
5350
2031
1355
8109
7607
6220
2039
100
5648
5018
8185
70
4340
1938
8978
775
9091
9962
5170
6816
4232
8579
1089
4827
9069
1864
8864
6582
6035
5225
9980
2463
7256
1334
1650
5941
8633
3689
6041
5359
8707
5305
5429
4125
7243
5485
4901
7412
6526
1149
4228
757
806
5317
5584
9876
8260
5526
6457
5374
750
7515
8916
9085
8849
1645
5025
7481
5334
1066
3918
5120
6371
425
9245
4692
5910
5224
2103
2435
7453
7410
3192
8259
3805
9856
8134
2065
5381
5669
8518
7211
3183
8512
6295
2031
156
1320
590
6570
3465
4508
1689
9836
4933
2012
5606
1922
7237
7709
5436
4689
5119
9708
4026
8924
9563
2160
2067
6022
8908
1663
3232
2091
175
9528
5201
331
847
6871
6901
5391
1378
9669
6305
7391
1681
1910
391
9997
697
5827
5764
6895
6613
9790
6898
6175
3028
8965
3276
1936
1707
6508
5106
1882
6035
306
3292
7961
7177
1272
4430
9635
2019
734
8104
3700
2644
8495
4775
3342
5400
1617
236
2013
2486
8213
9267
5514
8257
2542
8529
9964
9051
3634
2924
6164
3941
7295
5204
2196
8567
9634
2909
586
368
1012
5365
4091
585
1219
7433
5986
2836
8749
9078
5322
6961
8344
1915
5217
886
443
6259
1015
5157
9183
8258
176
6478
3461
2372
6123
4174
5282
7788
5621
7373
4232
9712
7959
5451
8224
5023
9366
8051
4100
5767
6090
2443
7682
2386
4408
9204
8645
6502
4360
8907
4760
4536
6463
9300
7988
2585
3473
3269
1452
9094
1720
5684
9885
9679
2213
8108
4701
2657
6158
8801
8424
2247
2323
7184
4633
7810
7467
4357
4312
1826
3263
150
7442
9726
528
6508
2310
4002
855
4841
4174
2575
1603
4058
2254
3816
3244
8034
6474
480
6835
5976
2728
236
3160
8440
9125
1705
2796
4515
3531
6059
4665
2051
6863
5194
8559
252
274
492
5093
5527
3068
6697
664
6401
1591
3908
4434
9144
5468
2347
5120
8196
2583
9359
7714
1708
1063
1589
6223
5673
8727
1967
8804
5590
8240
8441
5842
8514
8934
934
5119
3080
8710
5783
9481
301
770
3914
523
6238
6262
6722
5512
9924
6080
4304
2710
8222
5893
12
4974
4620
1979
4856
209
218
3296
6051
9811
3308
8064
6008
6388
6774
2870
6947
8154
3640
861
8677
956
8202
5399
6468
8125
2557
771
835
1858
7744
847
7911
2363
3905
2766
2572
5202
7141
9702
6091
449
8844
2098
7916
5617
4968
4863
4849
9687
5724
3526
642
5004
3
8189
4207
2560
39
6121
5497
7783
6968
3407
145
1951
6173
3796
7153
3314
4576
4322
4842
3419
7500
2757
115
2467
7620
4964
2154
4422
8490
3875
9426
9572
2064
4712
2132
3182
832
7629
964
8880
2115
2188
830
8288
7063
9063
2680
1638
3384
7522
5057
883
1358
5172
4430
8978
1215
7663
4479
9705
2616
4983
9277
5759
9695
2487
8941
527
1194
983
9407
3309
3171
1315
2676
233
377
5356
2950
4841
3957
8008
6803
5315
4258
2311
5371
5473
9974
9850
6257
2590
5912
6612
9428
5606
177
8369
7212
1371
9352
6618
5760
3602
7934
8436
3835
9390
4870
6786
5309
8827
5872
2112
5220
1208
4423
591
7761
5476
1519
4017
9145
7431
628
8572
3037
1884
8019
248
3255
7371
7946
9015
972
6958
8529
5886
6347
4478
3750
1656
3304
700
4847
9604
1909
9270
194
9670
5824
2792
4765
4968
223
6472
4619
4339
8356
2637
5666
1610
1086
3611
1704
2058
568
1311
9024
7995
5789
3852
9651
172
4553
4497
9776
6462
4845
1048
7210
669
3840
1974
6716
5142
8446
2413
9481
6801
5051
5147
9490
6137
9837
2272
9275
1484
3584
9377
9479
9373
3228
9129
9545
7781
4704
9320
4242
9549
1446
2530
1296
6366
4504
9092
1507
2949
1504
988
828
6555
7214
1397
3771
8129
3669
3045
9613
7253
3500
9091
6626
6728
8219
7249
4509
4001
6569
9830
3550
9094
2360
5925
5459
7943
5016
6967
1971
7600
9034
2799
4154
7326
4196
9004
5454
8945
3127
5067
6197
6627
4157
3901
3355
3455
1150
8943
7456
8798
9851
2084
7891
2210
8010
3350
1232
4104
1395
3203
1703
428
7081
6937
8833
2356
5940
4286
1300
146
9353
7497
6773
4589
1398
1206
8044
2548
148
5499
1345
10000
8663
314
3288
7751
3664
4520
1854
6138
7723
4637
7645
4804
2652
6477
7160
9671
763
8460
9817
1194
7035
6590
5783
9512
7796
3826
2059
9024
404
4483
9023
145
4798
3389
7896
9541
7910
828
5679
6711
5465
4402
2593
9196
879
831
8867
2721
369
8683
3915
7405
5272
777
6916
4147
5682
54
3170
7165
5616
3271
7310
1492
7739
5205
1033
6727
6034
7791
3438
2577
2192
7110
1773
4150
7942
639
6871
8311
9322
1865
6794
5673
2642
4789
898
8324
4843
4068
5489
1537
8418
2798
3030
6156
9083
4063
2883
5116
2932
7400
8772
6203
4509
544
353
2450
2262
8303
1840
2663
167
8634
8336
2809
4501
9234
2212
422
4380
7701
1960
3876
1577
4990
1110
659
131
5072
6854
4142
2471
5626
344
8060
7249
1776
1588
9512
79
3428
2174
246
3141
1588
3056
7642
1900
6347
8065
7359
5126
1103
1234
6703
7172
3423
8442
7303
8496
6374
1444
966
3078
2867
9026
327
4644
1693
9839
4723
5121
3091
4969
9341
4679
9104
8062
7658
5450
7205
5016
1654
8308
7329
9437
5479
751
7878
3860
9247
5330
6383
1292
8409
9250
1396
9815
4972
3089
731
9695
9290
3822
5743
8630
9580
5925
7770
7237
2454
4974
2252
4108
4360
9581
3544
9839
1410
2500
4777
657
7831
1159
1949
7318
1488
3345
7132
6460
7514
7863
7234
6803
1684
2976
6511
2342
8901
4281
9579
2433
9255
2909
6542
3615
3568
85
4532
4978
2586
9310
6714
1495
1547
8663
8813
3035
3087
5944
9496
600
3806
6729
7403
6569
783
3913
8911
762
9273
9568
3196
8528
2476
9738
3221
7123
901
7753
3179
4566
8141
9894
6061
9689
9635
5952
3802
2721
1895
3297
4400
6780
1104
1802
3348
2966
6795
3337
3729
6067
2904
6925
5673
6459
7741
8894
3581
9721
7726
6761
4287
6945
7733
1426
7712
7367
7379
1514
88
352
5890
4488
7133
8074
7370
1559
1039
5243
4897
5847
2388
8880
2771
8062
5339
1590
8034
9999
1311
6838
7838
6677
3783
5570
8103
1494
2937
5481
4087
3025
6913
9978
8592
4045
8051
7040
6683
9090
2282
1579
4937
4671
459
8787
3811
6877
1456
2923
6875
2767
9762
4713
522
4623
282
8625
7196
4298
5185
1283
7323
2097
1260
6994
6142
389
4033
2824
557
6316
5483
5494
2065
7021
5360
5876
4976
6816
8799
1850
661
9639
7642
1183
4261
9004
886
2536
3301
6071
3819
1703
8168
6158
8697
5388
6547
2729
9292
7104
123
5853
3677
2188
2873
115
9143
8928
6931
9021
777
8671
8659
9499
932
2920
9581
1818
5456
3960
7890
353
5663
7136
6511
5438
2524
4136
9247
2894
2318
9370
8747
7074
2637
2698
7189
1779
1625
5198
799
3481
3868
537
4058
4800
3457
3638
6619
9992
7599
5587
1423
4340
2722
9013
9779
6325
3148
9025
297
6545
9473
9044
3619
3188
2820
807
4968
4445
6006
6846
9006
952
8462
3063
6832
2997
7781
3450
2988
5379
115
4411
797
3916
3423
575
1320
7650
678
1617
5274
1230
661
8893
4418
3481
778
464
9006
7863
7311
8011
9895
6851
2152
6726
9849
9933
1254
2836
6390
1369
8327
8267
6364
2828
8842
7684
1557
599
9302
6831
1829
1041
6802
6247
5601
8659
6712
4606
6522
5101
3695
6416
1951
6927
4220
1799
7938
5474
5715
5407
7922
5120
3673
4285
9027
2514
1969
583
4192
2349
7414
7100
3390
5294
3347
8991
3953
1137
4676
474
7317
9450
7969
346
6376
3267
3225
5393
8741
18
799
7741
5138
4472
2025
4164
8065
5073
5827
2257
8501
3240
9357
1890
8535
3782
1960
2487
5998
7715
4040
4393
7164
3087
5819
4619
6354
9044
11
6173
9062
810
3913
5278
6361
7017
520
4425
3169
6347
7761
1669
666
8197
3560
279
3057
6599
3845
9056
4313
8964
4527
2555
2050
345
7174
9483
467
8264
5655
607
152
646
5885
6513
7663
7485
938
831
4910
8699
2501
5576
6895
7140
6934
1031
4817
778
86
9130
9742
5692
2763
2870
6038
9938
3431
6505
9280
164
7113
9433
810
4076
7024
9553
2639
7962
1462
7550
7740
5042
4204
5713
3260
1138
6744
8077
1916
7909
8285
2737
4680
1048
6686
717
2064
117
8301
1343
281
6492
1854
2171
1647
8879
1723
4286
7919
3185
1835
6737
8228
6040
2450
1487
7178
272
643
172
9261
8928
3988
3940
9976
1753
5736
3118
1870
4036
4462
3230
1607
6316
5401
3254
6273
8203
7540
4192
2467
454
928
1773
6494
4457
4339
4750
5809
4982
6001
6148
4989
1068
87
6043
2821
5823
9162
5770
937
3623
9000
2544
1017
5480
6877
7291
3682
4417
2561
7228
4871
4568
9001
2443
9026
3340
8272
5913
9401
5351
2060
4389
6419
2147
432
318
9049
672
6088
1064
4295
6167
4688
6391
1646
1564
4760
6407
7060
7321
3635
3009
2968
3714
6531
1993
8133
4802
7906
8613
1232
9966
3001
8730
3191
4512
9049
3318
5184
5136
4382
557
1302
148
8028
4027
1713
2787
1513
9852
1187
5148
2861
4155
9941
9392
7227
8074
5273
6211
6686
6505
7255
765
5234
1524
6357
5361
4842
2619
497
302
4256
2878
451
2283
7985
3243
6149
9498
4173
8415
5724
7034
3648
5664
7505
874
4816
3856
8164
2580
360
5418
4425
6673
6942
1860
2034
2862
4479
3610
3165
8735
7567
4695
2096
5551
9017
8246
5048
3189
7739
1850
223
1387
8594
8807
3340
3409
2662
1504
7069
4101
8001
2572
773
6022
4432
3886
8884
9990
7496
3127
8725
5063
7822
1899
1692
6838
1223
7820
27
8963
9670
1329
349
8263
1214
4768
2751
3876
7351
898
7977
5352
3470
9829
1373
7902
3715
1335
7891
1210
4463
7694
7352
3363
9594
9045
1280
1895
6864
2386
857
6533
4794
2285
5875
6008
7054
8626
9884
4404
9524
8939
834
2993
8767
3286
1973
2481
5701
942
4771
163
8637
2122
4605
9309
2245
5885
1203
9109
9350
3140
6721
4143
5425
2595
150
3557
1220
1112
9041
1822
1129
9875
4815
9897
4240
7867
3456
9941
8809
9306
1182
8524
2507
5787
8911
4752
2751
1193
4940
2100
4333
1660
7323
836
4255
8552
4394
5475
9665
4513
8376
1872
4387
3190
2847
9706
2135
7383
9646
943
6688
827
9468
273
7694
9457
5026
444
649
9966
3623
4982
2704
2024
5819
6959
576
1291
3512
1319
5804
1887
3191
1269
6156
6039
975
8291
3421
620
312
1187
2527
858
1461
220
315
7566
664
964
8610
5366
5947
1313
7391
2844
8272
9046
5214
2862
364
1017
4749
4634
3365
904
672
4340
273
5172
6040
585
7439
8567
1444
8900
9866
1759
7544
529
2723
6153
6974
9749
7466
5443
3671
6816
4488
8885
9678
4852
980
5505
9487
4346
6409
1237
9765
7761
6410
6883
8346
3848
5449
868
3826
5314
3706
1369
6922
7509
8601
4975
8336
7145
417
2007
3960
4906
891
4716
9758
2951
220
322
7297
7708
1560
8140
5468
9049
5023
4892
3975
1550
5761
7801
7944
545
248
5944
8054
9928
918
6390
7072
1336
8397
1031
7321
366
5747
8157
4396
5967
8480
2771
3674
39
911
220
166
5934
5112
4141
8563
1951
3020
6506
3576
4347
2450
1629
4274
4447
9098
1345
5783
8573
3455
4182
8940
9202
2339
4414
6247
818
7186
999
1936
8097
1219
3181
5109
7410
7322
3671
440
1420
177
4016
5767
3706
6724
1119
8153
5822
2464
5015
4394
5919
9197
4412
6199
1535
8827
2445
3432
6012
4523
6447
5187
5742
9628
295
4230
8028
3966
4670
9448
5222
9765
6293
8928
6489
7412
8160
3389
954
3174
7783
7952
3449
3274
4150
6064
2100
7674
9496
9191
2196
7022
4377
9017
6649
4672
3247
4677
9717
8996
5203
4939
8761
1496
4945
6328
8908
3104
795
9863
7357
8578
7814
806
2930
3043
6870
6109
716
7444
5299
2913
5544
754
1929
2193
6505
6255
7949
6222
5251
3151
2239
5090
4647
8263
2496
4634
2446
3291
5575
9803
2947
4467
608
5878
7510
8557
1986
9306
7080
8365
3297
2623
197
6305
5895
6703
2560
3843
4003
8890
8074
7321
3979
3799
6662
6475
8433
9108
844
5086
8911
3791
9554
597
747
8142
233
3813
7447
7313
2177
743
1014
3453
7049
6910
1234
687
1831
5237
9577
9905
3636
3555
4783
298
1108
3215
9406
1952
9381
9395
6822
8934
9993
7570
7075
225
1382
4522
7538
4638
6344
9631
9170
3392
6540
404
5158
8372
6720
4734
9355
356
9368
4137
1733
475
8432
1138
3506
7812
1612
1407
7824
1604
55
5977
2908
1437
1577
445
7154
7922
75
6323
2392
7695
6727
7551
7145
4526
2284
6499
4882
1652
1715
6615
3206
1225
8832
7792
115
1522
277
9018
3126
332
4994
6034
1769
6572
7558
1
5572
8713
7403
7964
6407
5209
6593
4630
9735
9957
2207
4616
2687
3922
2309
6972
6226
2219
4763
6341
3742
6119
5358
7947
6451
1431
3981
9299
8003
2617
9300
4653
1329
6703
2616
8815
2990
288
3444
2724
244
6731
8419
4010
652
1806
981
7958
4025
6824
4298
8846
2942
735
7872
9394
2166
1852
8692
1247
5548
9071
5900
7957
6852
9595
6771
9842
961
1294
3644
2284
8025
2062
6294
9756
3868
8355
7713
8972
5178
3090
7818
9199
4904
5689
9671
8149
8620
9442
474
5246
8512
7453
3202
6442
8126
1052
7362
9088
3425
1005
1371
2528
3067
8745
2283
6935
7099
1075
5906
3355
5244
4802
2553
1226
1569
3303
9375
1267
2744
927
6514
2334
8380
9716
8776
6505
767
7216
5592
4192
8221
8043
6720
1287
6787
82
9301
4964
2236
6285
8319
8559
1087
1950
9785
3735
5253
237
5003
9076
1164
1516
1409
622
2310
1263
7127
3078
8479
3798
8349
6699
1840
6148
9065
9706
6230
8365
5748
9545
5729
4066
8103
7895
7095
8966
1629
2348
9203
7711
1423
1445
305
3912
2067
2616
5175
9194
6773
4733
4070
6200
1431
6989
2347
1575
6694
9656
1018
2441
9200
6747
7586
8381
4641
4681
7346
7350
8108
6548
5060
609
7993
5366
4521
1138
7982
775
332
5833
5508
4402
2032
8018
1391
5459
671
9164
5114
1690
2684
5393
8437
269
3773
4157
6029
1119
1506
4136
8746
6566
5825
7818
3010
345
8956
2070
2199
366
7903
7707
4769
1014
6804
7239
6473
7475
7481
1586
9165
1243
6979
8681
1513
1831
2837
8621
2950
5422
3836
2774
1987
9661
591
4998
1084
9548
7068
3284
9914
6050
990
5761
7064
8873
4078
3536
6348
1559
6201
5512
2802
4259
5271
5394
6090
8108
5094
118
4608
8930
2892
6596
9669
3484
2672
752
3031
818
4036
4023
6868
6106
9785
5010
4978
4941
9625
1325
7579
5826
7917
1460
84
3187
7933
7253
2374
3026
7371
6982
3034
262
4656
2702
3746
8407
4534
7856
9226
8570
2958
7172
5754
3821
3261
1811
8762
2885
4215
6341
8711
2131
7801
9874
6398
5733
8205
9851
9839
5575
6832
2872
6917
2567
6654
662
973
1187
9598
1277
835
3634
8450
7669
7455
1710
9480
6216
5674
3694
3635
5464
6905
2514
6416
3302
9327
4621
4231
243
1274
2141
3115
8191
4708
847
9933
6761
3113
608
8038
5028
4242
7566
3775
1696
354
3254
8991
7108
8027
2626
2571
4931
6219
8987
9312
5545
3607
4621
5788
5961
6763
9983
4151
1470
1908
4083
9310
5022
4691
8427
1128
11
7071
4903
1707
8505
9236
698
5612
7262
4403
8183
3272
621
7169
3662
7246
1855
8284
3033
8895
5046
4094
3045
7595
6003
8208
7984
2103
3977
6410
4310
3989
3480
9213
6775
1984
9527
7473
7596
6788
2954
6857
1138
3576
5105
4801
1900
6960
3084
6012
5854
9209
106
9978
7882
7188
9264
5865
369
3241
2274
4679
7230
6834
4970
4004
8818
4496
2556
7493
2362
5510
4349
3501
164
9454
8302
2064
7492
2464
8077
4424
2751
9262
5481
632
7528
4744
6498
7897
7985
8772
3654
6293
6684
9703
1376
5502
4198
5011
4073
7639
520
8422
1139
1764
8955
519
3828
6446
4062
2983
1949
6813
3323
7430
7446
850
2173
3943
8747
158
3793
3479
7530
477
3181
8906
7058
7379
3916
1130
6097
5516
630
7236
7280
9585
8835
2186
7110
2896
6249
137
9710
9572
7567
8234
422
9740
3255
247
976
7048
3727
8507
8604
6908
8491
6740
5366
2407
7870
1462
9002
9580
9777
6281
242
8611
9546
8431
1507
6873
8568
2295
6445
6134
528
6867
6953
3783
8193
7929
1909
1919
7514
1592
8828
6005
8332
4193
8412
7281
6734
8492
6860
6510
5851
7102
5121
5396
6612
7707
2269
5179
1080
9793
1313
1608
7738
8266
6470
5930
7273
9458
7850
4787
1049
7756
791
9382
1948
281
6662
9761
8773
3521
6270
4623
1701
2469
1097
9392
1254
4445
4571
2334
5316
6963
5021
3053
6307
2569
8984
3579
2027
7912
9445
3076
5667
1314
3536
8694
1595
197
8454
1446
4797
5802
7148
7578
9351
9325
6969
604
3769
2618
4018
9086
9581
117
3217
6966
3766
2200
1624
5793
1190
1068
9948
6857
2383
3484
5550
5057
4760
4003
6504
636
884
3651
8214
234
4054
6261
1917
8903
8880
7014
9067
9539
8211
2283
6505
1976
5563
8129
8848
6753
9197
8795
3610
2658
3357
9160
7716
9197
4242
4219
9833
6205
8949
8046
6439
3003
5385
9435
2984
4264
6449
2050
3803
4659
4333
1386
7714
9896
9515
6561
7728
9790
6434
1337
2448
870
1575
163
66
6896
5461
9899
3100
5488
9023
617
9570
5486
52
2553
9751
7580
4603
4632
3317
8937
6018
1030
9911
6611
8670
7638
6400
5103
53
8848
5973
2708
89
7118
9604
5550
8095
3783
1038
8196
4400
607
3682
5531
3161
3432
4189
8843
9143
7506
8858
6239
9615
8769
2849
9363
7485
9249
4466
8618
9176
1517
1325
9265
9715
928
5894
7809
5790
6932
6005
190
8618
765
6800
2857
4197
989
1700
4418
9574
557
656
267
404
3505
9630
8969
3832
5174
7586
3007
7771
8911
3351
7485
917
9245
6372
6708
7255
3455
7977
5872
4220
4776
9809
9496
6844
1508
3913
6418
3144
5648
7764
4628
231
7393
3596
4064
2567
2260
8150
337
2249
1500
8901
4245
1823
5272
952
9078
8728
7
4950
2947
5863
4758
2443
2706
7345
7435
202
1567
3083
7966
6195
3314
6438
869
8457
83
3129
7686
1499
5378
264
399
9624
2088
6750
1654
1165
5477
1662
7194
9504
8604
3030
3025
2388
1453
1538
3670
3021
4621
1635
294
9015
9152
1164
8550
9235
4293
6235
1812
9672
6500
2211
373
9667
8962
2027
831
5517
4768
9105
6099
4450
3213
202
6839
4667
1741
508
8767
7441
3222
9061
6455
2374
224
6084
2687
4518
2318
4500
5268
9897
7790
6720
9563
7830
9826
1473
3347
4594
577
524
9044
4869
727
6961
9536
2468
7469
9381
9909
691
8442
7443
4144
9745
4605
6831
5341
6923
2409
608
7899
199
8407
7461
8029
8233
12
2454
3905
1668
2979
4027
6538
4785
988
7152
7253
9536
6533
8240
226
6053
6761
5449
5797
1365
3359
1138
9368
5768
2825
7266
7046
1232
5805
5075
9465
5818
8608
4448
7486
1586
8475
5102
6371
541
2254
4702
77
9866
4021
303
5918
781
6832
1714
2147
190
2852
1514
5958
5678
8780
4083
7989
5663
236
8532
1480
8844
2979
45
1509
2532
6226
8959
3074
8480
3661
3151
8345
7682
4533
4262
9542
1364
7056
1688
1554
9908
4281
8592
6664
4139
3753
4652
9803
3989
4262
2361
2832
7241
3485
4341
9774
9712
4379
3926
8191
8040
7077
7615
6800
1609
2955
6341
4053
10
9109
6686
997
3389
6356
8740
7529
108
4471
8410
4097
8733
770
6930
7053
4256
2349
6826
5046
6728
1830
3236
5846
8907
1929
3724
1594
5964
1144
5647
7053
252
3412
8050
4720
9768
7869
3327
9877
2339
1736
3973
2150
3586
1981
9203
8921
5410
7107
3966
2137
8937
8281
9063
7843
1289
2786
516
7253
5009
7242
4305
6340
653
3434
1060
421
1302
5466
297
4720
8282
5349
6870
2946
7331
6073
1866
2740
4258
6911
5956
3195
5191
6097
2116
6480
8884
2632
4811
4971
9875
9117
1311
527
2550
3450
948
4931
8916
2324
9651
8276
7674
6520
1221
6083
3671
4166
9902
7930
1076
6936
1124
7347
3033
4319
4905
2995
6952
9717
7966
7905
9912
9277
8432
3540
2726
459
8471
1642
2783
8121
996
1535
5719
2218
7618
469
6384
8598
8399
8540
5534
601
5886
8567
5999
790
1561
2950
1585
9527
854
1496
8804
365
5036
2608
824
3506
5329
4686
2705
6326
6222
9504
8544
4918
9973
6006
3516
9450
5624
9050
1129
1509
8695
7128
3379
255
1157
4964
860
3090
6461
742
3455
1496
3351
4279
6082
8680
44
9866
6084
6266
9369
5706
1183
419
1712
5778
947
7336
5906
3155
9925
4600
1362
3303
5934
3598
8267
7874
6688
5806
8616
1222
8382
3045
5501
4463
2804
5545
4328
8888
2889
4776
4594
5152
6274
7385
2008
8301
5799
7915
2534
5723
3593
3896
104
9528
8573
9451
7401
5261
5256
7095
6483
3637
140
3062
9179
2944
9687
4586
2910
3654
440
7504
8806
6714
5967
814
6093
1766
9808
8628
8568
3400
2523
8673
2927
2175
8123
1406
7436
4457
8502
4997
9174
9721
9138
8352
3743
8824
4016
6653
2478
4456
5236
2362
2249
2281
4255
8342
4047
4062
6969
3694
7463
571
2366
389
2746
1567
2875
1260
7103
2455
6257
6276
2175
5394
5707
6997
5297
9723
4728
8854
5258
1042
1215
7507
3324
5471
6927
8450
9533
3896
2143
6995
5546
5588
8464
8292
8234
1338
630
5337
3793
7966
2691
7047
3359
8398
4043
9735
9200
8771
8588
4457
892
9804
3042
4216
6353
9969
2665
5885
4943
4809
3959
488
1475
2422
9859
9710
4839
488
6125
9711
8454
8816
6757
2892
7214
1878
2626
7492
1727
2293
3027
2619
3175
6069
6835
9528
6037
579
5412
980
6467
449
2547
7942
3950
2406
8730
9868
3973
4854
9578
3506
3670
7413
6398
1962
9291
102
9454
2097
3474
2480
4716
6649
9628
2630
6176
5664
4288
2667
7723
754
3116
1349
9775
8146
3755
8505
8013
8807
4437
7591
2312
8107
6082
9789
1147
6452
970
1679
8549
4444
4159
4343
1093
4865
6973
7269
1608
2339
1014
9331
3093
4131
679
3947
3355
5513
2451
1367
4320
7967
36
7711
6074
6119
7500
8300
2570
8470
9980
1118
2913
5217
5461
5085
82
3513
2354
1690
5852
3368
2099
24
8578
3858
3971
1932
9371
7501
4379
4769
5467
4415
2480
2619
533
1058
1998
4182
9528
1977
5300
3519
7194
1840
8605
7276
6432
2037
44
3362
6484
2144
4465
6141
6002
8436
9152
6451
7015
3530
1220
3561
9025
4779
7259
636
5837
9257
4819
6443
1233
1197
1040
9507
4116
723
7861
547
2760
7906
4989
323
49
9454
6464
6051
8969
6694
2501
5983
1303
4800
9544
327
9579
7882
963
6494
7138
5782
4015
9451
6980
5056
8957
1095
5779
6817
2722
9619
4722
7711
9942
4771
7164
7484
1900
6132
5256
4402
3194
6559
280
3816
6886
9860
1697
7850
7432
9915
3631
1447
9365
1689
6503
8321
3864
3360
6216
6586
2978
938
5375
3998
6788
3617
2560
8689
828
7817
4169
5101
4375
4449
8917
1261
5387
1693
9111
3898
1607
3820
5345
2050
6589
2926
1449
1531
7365
7665
9196
343
9682
4570
5420
7549
9266
7981
7316
93
5797
1484
6273
171
7012
5190
1432
3478
6883
1621
7376
9569
6521
3799
1618
4188
6725
3067
5719
4089
731
4914
5511
1492
562
931
9041
9828
8912
6356
1000
5787
8919
7273
5958
5930
3541
8470
486
1502
1169
7862
1070
8769
1660
2688
2956
9464
6834
9754
3553
8645
4667
142
136
6308
1073
9177
6136
1063
5532
8215
6850
4450
6566
3887
1458
107
2356
1945
1609
4604
885
2680
3373
3625
6447
7408
3088
4360
7162
7720
3004
1828
7863
3140
8137
8936
3395
5351
1078
5
4644
7928
5534
1209
2893
8071
1316
5249
1094
4005
932
1980
7764
4305
5605
5289
2791
9772
9649
9953
7492
2652
2860
5354
6871
2075
5368
1344
8505
6446
2428
3148
5453
7962
4357
8346
6033
6753
4674
7127
757
5606
185
8521
989
6869
3809
3780
6641
3458
4812
4132
7189
7672
564
5139
9747
5932
7562
8251
3457
9991
2477
8910
7952
6834
8334
5063
3586
3007
3269
5422
9692
3454
3942
680
323
8831
5540
6964
3367
351
2174
555
9102
2738
6773
8848
9749
4335
8177
3205
4325
1732
3193
3355
8566
1527
8419
3231
5613
1687
9732
5305
6220
4753
7064
7622
3583
3682
4585
6950
4033
7838
8584
3134
1654
6436
3060
1403
770
2315
4608
6174
4047
8881
9529
3692
1486
9026
8002
7099
1791
7733
3482
8012
2485
1625
6712
6068
5307
1297
4096
419
213
3759
4632
1868
194
8772
3271
2043
2165
8958
8217
6213
8917
8824
983
402
8929
8985
8581
1798
7796
2062
888
281
3687
7601
7428
73
9977
2603
492
189
6362
6203
2057
6556
4974
6407
9678
7140
6444
7894
4431
5360
7796
6493
6842
7803
5477
5422
9602
3272
8563
489
4632
3329
8090
2060
3402
8066
4663
4973
8256
2103
1175
1391
8659
7229
8878
9415
5447
5321
7308
956
1759
6182
7449
9680
3985
4004
5101
3586
7276
3664
4075
2987
6993
2165
6126
1473
1309
1867
6446
9565
3970
8700
2035
3707
7007
912
3121
2453
7312
1507
3409
149
8768
1936
9830
2752
5940
6009
7417
4295
9673
2571
7282
7744
5815
4486
295
7124
6353
7820
7768
1401
6520
9803
5108
3526
1793
9308
7059
9105
814
1546
332
660
3483
161
3413
9423
6171
1908
4796
6922
4479
2077
5745
1372
6563
6040
8497
3994
3860
7343
5395
1458
7145
1581
6063
16
888
4200
199
2781
5747
531
3442
308
1772
7934
809
7943
9842
5606
5943
5400
8762
2766
7851
6404
8807
7426
397
3745
4768
6872
5203
2991
8453
2344
3007
9342
6545
3206
2122
3370
3738
6643
3678
6589
4576
5566
5610
5497
1171
1552
1975
1012
4319
9826
7416
4204
7252
8892
7949
3098
5763
4230
6090
4216
6574
9097
4636
4197
3382
7837
7567
8199
4480
2323
4787
134
7890
396
5631
139
1948
8685
1151
7346
9590
9646
2628
7920
9617
576
1017
5379
5885
7107
673
3538
7283
5309
7735
664
3146
6381
8863
8705
8704
3649
8839
6593
5124
5549
6733
8151
4233
8963
5497
3822
9688
8125
1741
9304
9781
3838
4682
6744
2023
6435
1360
9306
2822
9096
1048
5968
6555
9911
5751
5258
4638
4590
2930
9762
138
9663
8992
4371
9704
4488
9273
9391
3691
2092
8694
4550
5930
4455
1294
7954
889
2654
8338
4790
2828
9387
1837
9383
375
7588
5720
5014
2177
8650
5854
2315
9391
4845
7766
9094
411
8117
9564
5182
208
8257
9732
7218
2711
2104
6250
4679
5838
4587
9470
8666
5052
2385
9128
5428
9973
5926
1520
2150
5654
7374
5544
5044
3298
4388
5216
4788
2504
4779
9970
2713
3036
780
1009
6826
2884
7259
2584
8722
2924
3132
8467
7977
5517
8673
3404
5489
4598
4924
8718
1330
3376
5341
6374
7753
9729
1589
3620
2233
6369
3589
6025
483
5448
7034
8388
8333
5371
971
8133
8295
5182
7678
6271
1777
6350
753
7267
2026
6756
7063
3356
132
2403
808
8964
2132
2398
2583
4365
9846
7252
1468
328
2699
8502
9795
2110
4951
1845
243
3245
7027
7921
595
8805
5350
2427
7150
7376
9184
4212
1811
394
7695
2619
9358
905
6096
1941
6349
5941
9193
7817
7348
1891
7397
8222
5081
2347
66
5324
6671
7093
4323
7266
6976
9673
772
4125
8128
9956
9417
1017
349
8190
3636
9707
9095
811
2726
5443
7831
1918
3259
6258
4889
655
4479
9970
4081
4545
6372
751
2716
694
9097
9693
367
9869
4896
9574
9824
5391
590
172
3580
4226
957
3753
6116
3684
9196
3947
6681
3533
204
2648
5267
5762
3696
9348
1385
67
1178
4101
1841
274
4872
3287
142
847
2860
1044
6238
3450
1216
897
8755
3252
5729
4871
8015
4925
9897
4696
9537
1179
8423
4804
6941
2119
5230
8326
3265
6408
3505
5106
6682
8378
9472
7903
9225
2331
8947
6541
5781
1241
8517
5615
5573
5325
485
3587
1328
381
9362
864
2639
7785
6747
9580
982
1977
7905
5326
9464
1409
1511
7225
865
982
5127
1168
3314
5153
8789
173
7473
8384
5788
3045
3708
7352
6633
5036
8812
7073
6980
1450
4857
3726
1029
6918
6782
12
2244
6246
2501
3755
4549
3366
5816
754
5614
9130
5907
4402
382
3380
2785
6170
7504
7573
4601
5215
2608
3412
2288
9588
4863
8224
4393
6971
5142
1174
6984
8465
8499
9485
3298
3047
3929
9114
3802
621
9323
787
5023
9705
5246
8888
6953
2750
6460
1553
7965
146
4966
1331
813
907
9556
5206
7878
4697
7459
5940
4240
5958
6503
7538
9005
432
6651
2806
2132
5973
3594
7156
6756
8840
7122
4788
2668
4660
6341
1712
5885
2385
3043
6698
3292
2598
2982
2249
8374
441
8189
2613
7478
4692
150
6482
6203
7881
367
8335
3853
5040
6569
1688
4958
3690
6476
7627
9429
3895
417
5314
6281
3460
3090
651
6059
6073
2900
4432
7593
2168
8125
5070
7939
8275
2630
5220
6155
2997
3554
1087
9116
1202
2775
4074
5971
329
2779
5400
4224
3196
1792
1583
6656
4882
2235
3793
954
6214
9305
9626
9461
7429
5774
7399
5703
8405
2618
2937
2480
7252
4024
1596
8454
7878
6749
5503
9286
606
1981
3509
3802
3773
6172
1536
8656
9486
6409
688
5699
5713
314
5160
4220
7167
3637
9923
5571
6256
3938
9131
3507
7962
726
3039
6918
8554
9621
6203
9160
1602
791
4040
5375
8042
6655
4030
7527
3063
5798
3225
8776
7191
9464
4074
4357
4180
3997
1007
435
9014
137
5021
8055
1942
9139
4972
495
8759
2254
733
360
3045
4773
6815
1086
1427
844
9692
4491
6642
3995
4345
4911
3459
8420
9269
7639
3495
275
9153
3587
1491
5252
1641
3433
4390
6614
5007
4227
8868
5740
4588
2991
512
1402
5156
3018
3325
4847
8588
1046
9921
2933
5957
3379
2431
6304
2096
7005
7658
2327
591
9149
7579
2233
2581
3047
9926
7588
7275
9872
3327
2941
2862
4918
5422
9097
7937
8747
5022
7603
871
4942
535
7908
9401
4045
4211
2575
2128
1869
5982
2720
1017
3560
6032
4678
7687
5957
2265
6040
5828
6672
8981
9769
2668
4402
9944
1683
4227
6044
9287
6178
985
9822
4085
1464
4946
9375
4040
7074
1243
1100
872
3340
4660
6904
8018
3425
3939
1361
9465
9767
9112
8445
613
1780
3925
556
3463
9232
6600
2749
5409
8665
3650
572
128
8596
9947
5247
6748
2269
6347
7621
6688
2086
5603
5784
6590
9543
7145
6055
387
7336
5578
1001
9116
582
2636
2578
9814
315
6407
6301
8980
56
6873
186
9731
7898
6513
7557
166
3938
6256
6854
6024
1859
3716
3693
2480
861
9748
2867
8197
6404
3868
8391
6986
7584
2047
6799
7899
8454
4178
6878
9589
1050
8143
9319
27
4655
7955
193
8594
4210
8127
5696
6069
1842
9389
8549
3782
214
1416
3057
6619
6363
2526
3604
3946
4574
1482
2923
4106
5660
879
3695
7790
9023
4092
7817
4756
2046
9089
4428
6257
8294
1203
3404
136
591
3032
4997
1885
5527
9134
8504
1889
1659
3186
6915
7312
4668
916
1418
328
1796
6192
9197
818
283
7013
6653
3409
7180
1081
744
5474
2284
4148
6689
3954
7180
1685
6918
3785
1897
5421
6754
4636
8608
3668
1947
4354
5663
3365
5761
7459
635
4957
9356
919
3048
6009
5407
228
8169
6151
5702
1531
1377
3469
6564
9637
6233
3482
3421
8131
9982
174
2766
9668
4921
5792
4022
584
236
861
8043
871
6898
8478
2869
9946
5565
8276
1252
3733
5505
8033
6343
6883
1501
2906
7598
7735
7467
1018
6944
7449
1193
788
7116
7193
6580
2216
7777
6816
4157
6899
8767
1054
6455
1635
999
2019
990
3331
5752
6495
1363
3173
4456
2865
6079
3132
1678
4625
4151
9701
2073
6423
488
267
3615
7068
3563
2471
4963
7720
448
3729
8774
6903
6443
851
8922
7433
4182
5752
5007
6625
8925
541
568
6082
3674
2246
706
7825
1946
3858
5326
3513
4126
8941
1659
8768
2490
6622
7566
2938
1429
6339
9841
7873
8269
8762
5305
3530
5592
1390
154
4516
1932
722
598
5606
4047
2383
4509
7072
6242
9835
584
1446
9854
2243
213
3423
9945
7779
6361
1373
5196
7281
9246
4543
6042
5630
8073
1634
8099
8227
7229
30
27
8906
6715
4074
1289
2302
1145
8610
3215
2808
55
4148
6131
1347
7571
6075
204
3931
8527
5400
1211
8852
9943
8333
5560
9095
1045
3658
7321
9353
3689
7349
8259
1482
2501
626
4864
4726
9236
8079
7534
369
2226
4743
1716
875
817
1920
5886
423
8399
8176
9275
9420
6508
4834
8514
8632
8492
5835
9064
3259
4262
7322
5821
7842
9027
684
2567
8262
8763
1180
9710
2068
5923
1425
2943
6741
3345
8829
8243
2822
7005
7517
2241
4591
2350
755
4302
1920
7669
3365
5180
1930
1765
1000
850
791
2763
3418
131
1525
4598
9841
3593
520
1265
7616
8340
5689
6444
6582
8511
3448
5177
751
9119
7527
2585
3420
526
253
6785
6785
3262
8550
8864
4113
419
1626
7531
1629
4230
3207
1469
7824
3727
3813
5439
3146
580
2961
9728
169
7489
4905
1999
6607
3510
4585
26
5115
5917
7890
1899
9180
7518
1841
4371
7937
3467
2980
9566
7698
6187
2113
6600
992
7005
3117
4138
8664
6078
4945
8833
3566
928
831
172
5517
6495
1277
632
2412
9167
3610
1591
6684
5452
7041
5699
9998
20
6343
8774
6207
9535
5373
7199
6539
9569
2416
5202
5647
7361
5113
291
9368
5945
1543
4884
3518
2820
6595
5930
3066
1284
8600
828
7815
5640
6528
8891
5660
3949
7665
2945
3484
4116
1223
1101
3685
3639
7383
410
2078
2495
701
2524
9519
2244
8487
3037
6144
5082
8967
288
7445
8646
1116
5259
5364
8723
4149
1024
2672
2892
5048
7235
7009
6271
8336
1772
988
5718
2182
4145
9293
3962
7748
8811
7286
6235
1847
3429
2395
1893
3717
9840
1617
5912
5098
6981
4635
325
9084
8386
3218
4132
5620
1305
1481
5034
3077
3549
752
5259
8773
44
9221
6521
9934
6506
2755
2860
1013
5150
4753
5809
6068
7449
1721
1165
4429
7435
2569
3513
5820
6866
8724
1439
8171
204
6473
1247
4832
8304
7585
3605
9427
6806
1204
9361
4390
3959
2220
5404
187
8052
1212
6255
5500
4012
8499
1007
1446
1067
4520
8345
9013
3243
862
7183
4527
8415
8431
9359
6718
6015
4042
7224
3899
5246
7663
8290
283
961
4772
470
91
7063
7804
6670
2154
6302
7677
3600
8449
3276
3024
7461
7598
3886
5722
2124
2300
5231
2562
97
2325
6604
7321
6224
2929
4983
5592
3212
5944
1442
4762
7114
8506
2565
3783
659
9947
1459
5338
9474
4735
8362
6934
2333
3327
3734
5536
5627
8966
8098
5724
1290
5781
3044
7514
8710
9106
4185
3000
6128
5627
7762
3241
4132
327
7024
5870
1352
9563
2287
825
4297
648
8838
7709
3975
2571
3245
681
1536
2421
6405
2826
8202
528
1419
7990
9634
5604
990
6841
2309
9831
1160
6442
1236
8185
3390
2588
7747
5677
3413
3122
7405
2250
831
1379
4822
5155
3139
7437
7576
9545
1342
6857
72
2761
4846
784
9444
6915
8704
1752
7825
9865
9273
9061
9128
2663
2728
7953
9419
6141
1074
6823
9471
2984
9282
5371
8139
2420
2807
6794
1964
4149
3650
3115
7989
9575
4979
7432
7569
4761
263
6472
4625
9536
5532
3752
3277
8260
1704
2696
5480
3858
9519
4950
7921
8800
320
7139
1220
4206
3932
4263
9435
8661
8458
7423
9314
4515
5934
6882
9276
6197
3353
3901
5732
9965
8732
9010
9303
1515
2784
4782
5373
2302
9732
3293
2181
1130
431
4480
6416
5442
8743
5850
4102
8279
4351
3416
2793
284
1376
2069
6481
5809
5970
3292
5773
5780
3380
5075
7295
6164
936
3746
9545
1746
7040
1725
3956
8550
6205
371
5071
6027
7300
9173
4305
2729
3667
7099
3014
6123
9168
573
1931
6216
4944
8783
3074
8324
4936
369
5566
5872
4115
5111
7619
2233
7915
1574
1862
5199
3024
6933
1225
323
7184
6609
3052
1930
4786
7145
8053
5032
7719
9984
2326
3741
8766
5401
2065
4780
5770
8710
652
963
4899
8271
4276
2814
923
7217
9092
3947
4149
1395
4270
2411
8004
8401
4341
2790
5546
2393
8901
4343
3455
1227
8084
3299
6628
1227
8080
3476
1016
8732
4439
5915
8081
9794
9808
9004
7010
8899
2950
2237
293
8299
4649
9377
7778
68
3245
3323
3541
2145
8745
8075
3372
7908
1374
1078
213
532
4554
1229
342
72
8224
9502
944
8031
8505
7955
8009
2533
1270
8302
831
5919
8757
8609
7067
2001
3011
1686
4147
2834
9761
8598
741
2213
755
2034
2745
5309
3263
4166
6460
1486
3667
7405
596
2171
6438
8605
4704
7708
7985
6614
4706
6742
6302
2851
8743
391
4537
3968
3225
4297
3645
5046
6511
4400
7080
9256
787
1421
3422
8327
3987
7089
6810
5662
339
3247
4266
6122
2033
3329
3815
6739
70
1195
9590
9893
1586
4126
4939
5890
9503
9663
2014
6013
5141
172
6347
5929
2673
847
5334
7739
9016
2143
3400
9355
5390
8745
6555
7423
2073
369
5241
2144
2643
5909
3115
4229
1114
8054
1198
616
7717
4291
6629
2857
5543
2975
9865
8216
3823
5198
5954
3917
8420
432
3271
3809
9177
904
2311
1249
1274
8631
4472
3917
4539
7587
9226
5653
6720
1502
7348
5515
6872
3976
9451
2414
8031
394
1708
2932
5592
8741
6849
4012
9173
119
8900
8349
2102
2289
677
3376
1998
6228
8373
7617
4894
8677
4348
1613
1257
1696
8207
8129
5672
7657
543
3702
8051
3330
7713
4722
2071
4561
9813
1243
5759
9791
671
7862
3159
2427
2316
5157
9734
688
2773
4627
443
7122
7319
1700
9897
5525
908
5568
4261
2530
349
3390
5860
8062
8112
7931
3702
9003
253
9461
9873
2003
8401
3031
5509
717
9267
5242
2484
3119
9870
4007
1319
7188
5707
1215
3792
6615
6783
8053
223
8211
2521
6084
7352
633
5093
1053
714
6425
1592
586
8428
9994
3617
5015
1789
3963
257
4273
7082
1205
9359
8401
9472
5066
694
4342
2759
8556
3473
2983
6767
5995
145
5197
7707
5238
6250
8421
1663
8921
86
1169
9993
4782
6185
1781
8745
7521
7134
6905
9805
6492
6384
9276
2636
7078
4697
6475
5634
8170
9458
3479
4164
681
8676
1870
5919
6004
1370
8661
6003
1456
9831
5996
6238
7094
8856
6062
4614
5989
2966
4418
3560
9351
4772
7275
6428
9469
3749
3140
7639
4285
7698
2881
4966
6373
5831
1964
3455
7201
624
537
9736
454
6533
7052
7548
5388
3113
3240
2456
6080
7658
7095
6509
3509
4369
4015
2977
9198
7156
1694
3482
4853
4576
9528
2305
1485
1491
6839
8686
2115
7376
9500
2570
4987
6551
1196
375
743
4437
3910
6823
3173
2083
4410
6682
6452
8425
738
5649
5580
3511
210
1512
8087
9738
3817
9572
1228
1734
9336
3343
9111
8835
6992
4097
6465
8189
5551
7208
3704
539
5109
6877
2622
9519
4638
153
7943
5376
6881
4602
8887
7091
6114
8053
6828
1009
8703
9135
2743
9118
3557
1853
9031
548
7030
6574
9816
2580
3781
4598
4199
8890
2554
6821
9487
7192
6974
8509
3646
3855
3110
3611
2024
302
2742
8853
1311
2524
9066
4054
1641
2622
6987
1750
4250
4016
8325
5144
7675
2105
9743
1873
2074
2296
9774
2639
566
6747
1147
4212
1680
4257
7823
3705
4559
1644
3636
6949
4168
2701
1003
6888
6403
9069
8638
652
4163
6962
5796
1837
146
6617
4790
3299
8913
4563
5938
9479
2388
8165
4769
5148
3500
3671
9932
9139
5315
3567
6087
9483
7347
8169
7449
4828
7237
6086
5480
1399
4127
2355
4316
5352
8972
184
8651
8964
5826
5667
9521
9293
4910
4290
4440
8411
7961
5450
7549
4354
95
3635
3836
7443
2883
1284
2270
119
8449
8830
2598
3654
1184
7993
9006
1234
9256
8735
1276
5081
5481
797
4373
390
5087
9893
8801
4126
5342
6349
8480
5438
1063
3394
3959
3946
5757
7308
5144
4205
6137
8821
8939
8400
7892
7944
713
7147
7758
1989
2227
3238
2786
7680
3628
8952
8651
2429
3077
3992
9857
2635
508
1998
6029
5546
5944
2864
2854
2167
8149
69
2066
7087
8470
9959
6109
9183
8184
3866
2250
1490
7104
5037
9170
732
5067
7820
4240
9224
2890
4096
1858
4478
6095
8967
23
3117
1830
3956
6363
9979
4026
8430
8144
3574
9467
4253
2756
8729
8119
6085
218
5223
2200
466
5955
7268
8286
194
6491
2255
5369
8349
7812
1463
8394
8914
5660
224
2870
2022
1281
6896
1530
9426
469
2075
3678
4304
804
1796
388
1022
8098
2589
1489
5131
935
853
5325
7426
4187
1773
6853
1998
3236
5247
1991
8896
6550
4861
1997
8910
2835
3527
8335
3304
5603
3091
8687
6407
5967
153
8508
4064
3821
1075
9196
4756
1929
5599
2181
7195
7372
113
272
1687
6439
2263
1661
4067
7124
3658
2976
9959
8265
2390
4341
3867
5481
3027
1352
1447
4259
938
6591
8081
2014
5786
2836
5022
1384
6097
2216
9836
6210
3567
1522
3727
5830
3183
7794
4032
7921
769
5069
6185
3159
9410
1130
9720
3515
2482
2245
8854
3420
8836
6934
6513
4621
848
1534
7085
6945
4830
6920
4233
8397
9521
7960
5306
3782
5753
9338
1702
7602
4407
8966
1839
4895
95
1558
9490
3656
3804
8343
8156
2639
5276
4668
8340
6124
7282
6503
4148
2111
4501
8381
1586
4021
7420
6892
8882
4251
7309
1663
1852
2794
628
3692
7689
724
6329
7178
4380
1211
6599
2535
3851
1874
8283
3269
9078
5564
9772
4304
8754
4272
2684
1418
9372
1182
9390
8253
5434
6698
9916
7286
9492
544
2056
8259
2347
9465
6516
7806
675
3114
1420
5605
6068
9703
8874
6224
6345
9724
527
6177
5074
4290
8674
4445
5473
8063
3777
906
5839
3692
9271
6409
5315
2406
4668
8741
1870
2262
6547
3624
5376
9046
9230
2522
9827
8103
9825
6171
8906
351
3426
3979
4642
2099
9504
1193
1241
3280
3178
7080
8051
2448
3489
3366
5933
9236
3185
8882
1497
810
2506
7952
9856
1735
1553
9682
916
1377
6931
9822
1729
356
4880
7450
3535
4383
9722
4776
7663
2899
2934
6792
6426
7502
157
2359
7816
4422
2319
391
5232
4825
8344
5088
7639
975
4769
8556
2352
1700
9456
5160
3135
5414
3688
6670
9797
3409
2524
8538
7387
6538
5330
3813
4039
6566
7251
2934
987
9570
3325
7299
4395
2747
2386
2033
3722
8234
1667
7154
9934
2202
2313
4148
7616
7081
1896
8492
1568
5500
8108
8956
2037
3437
2768
7155
1082
1097
88
3148
666
4493
446
6140
7240
2832
9253
962
1066
919
8116
2078
4200
1507
7305
1816
8588
9202
1386
1235
4701
9494
190
7817
4010
4037
4971
5092
5134
6139
9319
5800
631
9766
1940
7871
3676
2271
9912
5821
4269
9106
7900
8470
1692
6283
1364
1358
5484
2750
2593
1263
3322
2783
158
7332
6820
5130
3502
1953
2347
2821
8833
4057
3665
1851
1927
7341
4122
2918
3162
8391
2023
2140
7939
4794
8423
9303
6153
4986
3131
8746
7328
7533
1529
7487
4864
9428
3695
9446
1381
6042
2266
1292
98
5931
3143
3104
4350
7265
6022
7512
6734
9125
730
4673
3918
232
5054
1149
5218
9265
9896
2545
6797
2503
31
2739
1930
3726
2184
4390
846
5529
5682
2023
2538
8825
5128
6889
7168
2228
5479
4981
2431
7289
732
7429
7521
5786
8578
2738
6129
8473
6362
2925
975
7473
6744
2906
2277
8928
7296
3124
5536
4057
5147
8074
2881
1353
6041
1128
3582
2599
6109
6013
9888
6841
4520
7408
3705
3098
1224
9835
1570
8665
3838
3625
6137
581
7610
9494
588
5984
3696
7203
40
8843
6355
4001
1275
2396
5129
5936
6074
1237
3027
5961
9157
7548
4447
2861
645
6750
2695
3294
5414
7613
6919
2630
9273
5607
2123
939
2670
5819
8142
2710
5740
4497
7790
8094
7972
2918
4029
4045
5234
7057
1084
4390
4604
6610
8331
5249
3359
2104
9622
9852
9717
7620
3560
8990
3226
6762
9929
5896
3659
9150
9686
478
3646
7475
8572
2696
1472
3680
6741
7785
736
7825
3254
6419
5513
1584
2746
8872
3688
2367
9802
4484
9987
4441
4552
4292
1202
5559
1266
4862
4708
951
6419
9433
9506
4990
2128
2056
9749
9948
9841
484
7772
3094
6903
4363
5757
9649
4313
9446
3095
4115
5008
3081
8556
9560
7373
836
5118
8640
6777
905
669
3195
337
1253
9265
3545
3309
9013
3492
3150
9498
2343
7323
7479
6706
3080
8207
1019
3604
1301
6213
8612
5461
4768
9250
3913
6683
5446
3631
3460
6351
5379
6655
7768
6633
5919
1312
9942
4932
5883
4170
5508
8226
2572
4065
4932
5652
2271
7030
334
4651
3242
8946
1191
9089
9274
6183
5771
4719
9814
9231
1070
6271
6965
9917
2903
2883
2307
3924
8894
8190
9173
4401
6416
1744
9546
2426
7396
2895
534
7730
8626
3776
7754
9817
2864
7027
5999
9714
2825
6891
23
4974
3161
6988
4890
7144
9871
7197
1067
9844
6465
239
5323
2880
1984
4868
6385
458
7764
6919
9268
6389
1773
8100
7284
5716
5127
4361
5430
9031
1251
5453
4004
5491
3519
8894
2634
4468
7169
4780
4311
3633
6099
9635
7593
8083
5581
3977
9620
4423
1975
8887
1890
3748
6987
9174
9465
3192
4613
5973
2222
6943
2504
7305
2434
6023
6198
6147
490
3366
2006
4802
8078
8105
5515
5670
7266
2174
726
6885
6598
2701
6851
8488
7528
4916
8741
6992
9187
3353
4043
2487
296
6547
9792
3809
2569
5989
1034
3060
433
3040
8941
9590
1144
5534
5260
9489
7708
7065
6374
5384
9766
4303
4951
7293
9219
3691
5364
9484
8123
9407
1970
9498
7033
1761
3306
9602
8829
5420
3740
9262
8460
3759
9930
683
371
5189
171
9159
2253
7624
4542
3097
3005
9493
1469
3302
4262
7912
2785
3464
7318
4755
2961
5429
6516
7347
5031
5344
2766
9850
5684
2304
3609
5614
2987
3980
1881
4238
3138
5214
2940
8760
8311
5946
9331
9780
326
4672
7691
3112
8136
6088
7867
1096
2595
5462
8443
7626
1884
2287
8555
7569
4592
2163
4261
8658
7222
6142
2895
1439
1355
6915
1277
745
3939
607
1603
4265
5279
373
7377
3414
6461
6323
5590
9056
2863
5111
7761
4747
7399
6315
3394
3069
9557
7655
1726
7857
4876
5701
9296
7310
2615
1651
8055
7633
2259
9659
1897
8617
31
353
3110
7571
7755
8700
7705
617
4889
6544
6443
2287
3937
9838
5356
3493
8571
8162
1350
3446
3862
1724
756
7556
3376
9890
5188
6714
626
7085
6409
657
8517
9519
9307
6271
9297
7012
6888
4186
4634
4410
7552
8572
4247
2908
2064
2817
2148
4493
7343
6010
7297
9178
3565
1751
9067
8753
9544
9694
5837
5952
1429
4354
5471
736
1703
5846
8827
9671
31
3460
4080
7584
2031
8327
1570
5175
2222
3718
746
9565
9728
8043
9821
4371
872
8888
3123
415
9660
38
7447
1088
5471
3996
2903
7175
9842
1729
7924
952
5190
2003
8536
8300
1408
105
3474
3630
4902
5300
4274
5708
3342
5173
78
5294
4060
3201
6788
4798
4318
4234
6966
9790
9309
9869
8043
9151
1598
5966
102
7867
9048
9717
7245
455
900
1798
5164
5802
7098
516
1509
1518
5690
1587
6812
9750
5867
4679
5627
184
8913
2592
1052
8222
2460
173
8451
5137
7218
9632
4082
6265
9348
1327
6720
247
3125
2963
7128
222
3479
8637
1740
9169
1302
9632
9998
8248
4310
5624
9511
4301
8216
1642
3601
1754
1815
2051
6892
9034
1682
973
6377
2108
2300
3097
3434
6504
6060
561
6726
617
276
9546
9787
2657
9177
9784
904
4565
6486
415
8866
5780
3136
2467
7534
4951
4518
5504
5063
7280
7557
1440
466
935
5616
3901
7440
2754
4462
5244
3371
4739
4789
3157
7396
5044
4019
9380
9609
1583
873
8475
7363
4009
2020
5976
8960
6538
1479
5102
4896
9036
7621
5363
1050
3236
9264
8490
7069
4804
3733
439
621
9602
4676
8018
5724
9774
8476
5333
1357
9349
4886
8720
3357
6906
5774
3395
4522
8333
8497
497
7368
7196
6939
9497
431
7281
7986
7500
2084
2798
9019
2706
3478
4773
1802
9202
4546
277
5613
5903
9626
498
5702
4061
8483
2554
7456
4084
886
7032
5660
9334
4227
2598
8830
5738
9879
6816
4316
1962
692
3334
5747
4170
8107
7549
3371
3732
8905
8985
9635
8530
561
6415
2590
123
8970
1125
5286
9856
8157
945
267
2383
4622
9098
8121
4500
5913
2437
7541
7684
6850
4367
1853
6036
1915
6303
9768
1899
6366
480
428
8007
7975
4098
8130
8023
6302
4494
8957
4458
6518
9225
7920
1139
8322
7120
6718
5313
635
5337
2996
7485
9704
5928
4599
2698
2230
4366
4597
8597
5926
6104
7682
3900
1280
6890
1922
7582
1383
878
2039
8980
1181
1038
118
9503
8158
7915
4815
8793
3251
8890
7356
4034
4817
3034
6732
8127
7400
1328
7802
3325
7432
5483
8304
8713
2372
1304
7373
4834
2183
491
3813
3364
1529
5010
3946
9687
2924
9840
9558
7254
9809
7992
1287
4625
1025
9098
3830
9505
425
1631
3908
8937
8193
2212
8728
1643
3516
6100
6477
6778
6591
289
1221
9199
5299
6246
9964
8223
6085
599
6556
5893
8592
8922
1597
695
8020
5427
199
9524
8138
5187
8460
7409
7399
8266
9053
1993
5445
5529
8772
3114
5819
1071
2313
2196
7317
2276
1498
3401
2876
8054
373
2546
6975
1970
4320
6073
8476
4520
5597
7692
785
4056
5101
8184
3401
5232
1255
8846
760
26
1959
7658
2176
4272
9855
9493
7628
1352
3973
1582
484
4346
5207
8538
7395
9527
4611
5870
5125
207
4641
5910
5342
820
4093
8743
6052
5349
8667
6812
6454
626
5549
8631
5977
6482
9202
4683
7834
3174
6265
9397
7520
1471
7934
5993
2077
2544
1863
7202
3830
7583
3112
9173
8403
8284
8994
4454
4711
7661
2344
2244
9366
8972
874
5342
5453
1154
1104
4365
4329
8448
3761
2927
998
2774
8921
3075
5318
1862
276
227
523
4467
9400
8926
2751
8393
4458
7462
7132
6802
9706
6497
5774
1658
2918
1226
2813
4022
6671
8221
2469
431
2226
3467
3205
2225
6542
9603
5166
7898
9830
5689
2364
307
4614
5115
8700
9072
3656
5832
6953
4440
3407
2726
7178
6325
5031
1069
346
1701
9290
2816
3212
2594
7362
7496
4820
3904
7098
9986
2880
8006
5675
5244
8313
288
1438
7013
439
5094
3923
7392
612
7330
1196
7790
3655
7306
8859
5080
9008
9227
8975
3298
1821
6337
793
6641
1319
8971
6626
4199
6976
3379
9443
5289
4747
1959
3380
5186
8132
8382
3656
8745
6790
4852
6534
1523
2157
6472
6604
2243
5698
5578
6620
7519
1914
7414
5238
3233
7463
2943
8511
4438
6322
9033
805
2147
991
4185
7333
9124
2566
2067
7868
435
6919
5480
1958
155
3030
8562
3477
8729
4140
1176
7326
7133
8590
3643
1445
7131
6586
9956
1568
3986
8988
2374
6134
9980
7638
4545
181
1283
6613
8049
1718
4610
4607
3676
5844
7638
3317
400
7445
7457
1576
4770
5668
1244
9492
7113
8375
6077
7069
1021
1142
7135
3395
7276
7114
2112
2899
7295
3395
590
6422
5113
5201
2108
9868
2123
824
3184
2523
8269
1719
5178
4117
7388
6422
3609
5579
5875
764
2647
6897
1906
861
1370
260
7975
3482
3160
6349
6877
3750
3849
3068
29
7036
2936
2153
7860
7199
5755
6128
8919
933
245
7385
8434
4933
2963
4309
5697
6690
1205
7604
7551
2575
7864
6604
6058
1023
4031
4013
5853
8960
7082
5882
5995
1096
9114
3855
8295
4869
1061
8292
6881
2385
5676
5314
7318
9719
9623
3015
6408
1906
1697
5037
4482
9561
1640
1618
1663
6751
5631
8595
5710
3791
4476
1704
4887
4669
5559
3182
616
6621
2552
7497
9006
8229
3889
7403
7947
4591
1496
5433
6497
3193
469
978
2753
3188
2596
5495
9939
9307
4089
5648
3097
9645
7353
7985
5392
3990
2245
6008
1689
4797
4583
1774
4104
8472
9177
3129
3062
672
8562
638
3865
9031
1616
7697
2219
5292
4271
2157
4598
9439
8885
8774
161
6237
6758
5553
226
81
2639
1916
5958
7222
3690
61
6773
3945
3191
913
4617
1752
1551
9561
1862
4247
8336
5160
9539
2606
8396
5215
2045
7280
3988
2206
4595
1825
7760
5901
2985
1477
8896
8943
8700
3664
9005
6551
7609
3274
7464
3304
6105
94
2864
7967
4341
1199
4205
4958
4885
2601
1251
6930
9881
6318
214
5555
9222
9053
1455
2207
530
350
1149
9230
4014
1232
6859
2701
5585
5401
6005
1690
5495
9948
735
914
1146
4941
6951
6031
7542
8202
4039
8501
4520
4254
4055
4820
3306
5510
7027
4915
6939
9256
4144
952
1566
2081
3653
7152
7483
736
9921
2977
683
655
4971
2909
5596
1921
18
4216
123
4058
3796
5722
9391
7851
541
3775
4440
8648
8691
1378
7903
3913
3410
9469
5995
8142
7699
3477
8879
8698
7533
9562
9354
2503
2470
6028
5504
2489
1323
6706
7626
5119
2427
8095
2969
4047
1869
8488
2694
1638
945
1675
6631
4355
2223
3704
3575
9922
7181
2453
9699
5792
3094
9052
9375
6643
6158
4878
210
7481
1583
8915
2599
5089
7009
6648
9136
9958
6214
2909
1595
7159
4584
9305
2592
7886
3008
6168
7808
1267
9700
7506
7060
2793
7636
7513
515
4872
2390
725
2353
5052
9641
6031
1219
7728
3757
354
7685
9972
4342
359
8209
5
9664
801
7891
2672
6969
6777
3939
7747
5361
2077
1619
2996
9590
2134
7869
3058
3938
1300
9189
3578
8410
407
2385
2167
762
69
3217
6183
1507
1425
6188
1171
2226
4079
4922
273
855
9940
8021
7296
2017
9640
291
2685
2852
9239
5744
6790
1617
4932
1447
27
5340
3832
2194
7181
4980
5411
3363
6488
6836
630
8738
141
5788
3659
1493
6643
3598
9514
3938
6694
231
5309
9380
3083
5626
5123
9874
8323
1133
2399
8350
7552
6231
1622
4732
1210
7033
9175
7698
4947
9805
7514
6167
5592
1172
7661
3313
5850
8253
8331
2543
9564
4718
1922
3725
1422
8124
4677
9745
336
7076
8094
7888
3306
9716
2620
5596
7827
2873
4372
3853
3756
1886
1098
426
3058
8759
3739
9987
8091
3148
2530
7654
8945
5531
1378
367
4734
6056
111
5070
4210
9285
2957
7517
78
6656
4191
8985
607
8563
2837
4363
448
3935
4789
4586
3773
9608
4572
1863
2755
8181
595
2779
3712
1973
3146
8446
9108
4336
3515
3318
3620
7551
1913
3699
5286
6104
2683
5893
4666
6599
256
6194
1612
6124
1858
5385
5731
6430
8327
9566
4611
8922
2344
9402
1974
6569
7847
2160
904
2440
6557
4525
1069
8470
9303
6355
5652
1985
2248
1397
9663
3583
8670
1274
9707
527
6660
5438
6957
4986
6082
2646
4987
8426
2047
6961
4994
972
9121
6977
4491
6757
1501
5561
5226
803
1915
1957
3867
4163
3354
3529
8825
2023
5883
8532
2550
3621
5048
585
8607
1129
3232
4672
633
6358
1632
6706
7331
1832
3682
1821
8589
6263
7382
4893
8145
376
6850
2012
5618
1282
6620
4443
4384
2502
2974
8013
6123
8022
8599
5809
229
2909
1559
1941
9267
4271
8647
7676
6103
3407
576
5770
9670
9037
1741
7815
9413
9671
905
6110
2031
8604
552
6416
2185
4605
4428
9387
3705
4105
6274
3934
7014
7834
5875
7360
2104
5600
6114
9286
85
7769
6134
9756
6806
7875
8649
7297
8624
632
3406
655
9236
5037
8150
2499
9642
2577
1886
3346
7762
8160
8359
5854
5993
5312
4292
9176
1990
406
8461
2076
8175
5673
2910
6059
3548
1558
4435
3250
3269
7841
3905
3583
3957
2054
6083
3598
5711
7969
8024
4551
7207
6382
404
4279
1694
4697
3454
3684
5103
2994
6839
4356
8667
9749
1494
3293
2385
5929
6544
5654
4848
1527
9238
8805
4661
6399
3482
1450
4367
1505
6001
1573
8966
6405
5852
1738
1101
385
6502
7283
3379
3340
2718
3124
3089
4212
6418
6553
1219
4040
2207
6067
5567
2523
5951
1306
0
9433
2756
4367
2016
8757
7019
981
6241
3950
2720
8421
5414
9222
5704
8793
2561
9501
1916
6729
3712
9413
3282
6010
3452
6568
2076
98
169
9106
1404
169
8538
4161
5615
553
3996
3712
1535
1315
7662
5334
9737
3075
4555
5440
2946
8195
4940
5942
6003
9731
6433
363
5740
9886
8010
8895
9984
9258
8001
2466
9427
7617
7706
6120
9250
2781
9832
784
4096
8573
7197
3832
2726
2830
350
6752
1024
6369
2693
8106
6099
204
9548
2917
89
7557
2891
1151
6814
1970
3618
7319
9587
1323
3438
8836
4104
4349
698
8201
4000
7895
3111
6726
724
3462
3477
2828
9831
7249
2012
7009
7454
1560
1004
8622
9117
3895
9774
7010
6944
4470
4328
7610
5793
8846
7524
976
4273
8223
255
8273
7196
3366
4998
9000
7907
9555
2906
7738
7882
4918
5825
6414
7557
6829
6115
6674
1803
5888
4762
9826
357
168
7435
7229
9014
4959
9284
4365
4260
9539
2637
2534
3984
8715
1533
1890
9348
5518
706
8308
1515
6531
4722
9072
4439
836
6824
6242
7803
1585
6067
9239
1754
4581
7546
1846
9540
6830
6212
4878
6368
9928
7412
351
8642
8946
3321
9068
5542
4027
7376
7057
558
2097
6129
4997
4012
2952
2317
2893
5617
9463
2131
7371
4043
9677
295
4661
6506
6507
9539
3953
6435
6951
5383
6155
6975
8704
5223
2516
2731
2598
652
4368
5774
6781
9365
864
811
2760
3757
6428
2222
5888
4877
7345
6643
5173
3084
3149
2758
2623
8181
271
652
3563
7506
8706
3346
2728
1221
7156
6405
2952
1523
3257
811
1966
4121
1623
4726
8957
9130
8027
5923
5086
6450
2565
1337
9535
6793
4095
3236
4973
5446
3888
9616
2951
2593
2961
6758
4893
116
4241
8925
2718
7498
9736
4684
2697
2437
9410
1653
2646
8515
7576
7732
4965
140
9069
5578
8013
4242
8814
2985
766
3780
3679
3717
7452
7719
1553
3423
7835
5794
2347
552
3291
2083
5236
7067
5599
5724
8720
8245
5318
7374
7055
1361
8594
7202
6939
6606
2523
6831
669
3289
1689
4349
7007
9141
2067
8560
2563
981
4354
5990
2612
8724
9152
8928
5791
4750
4651
5589
4074
1047
2963
1128
2408
2635
8331
9347
9241
853
7256
9910
4142
8945
5337
2227
8085
7405
1866
1727
8386
7299
7717
997
7101
6868
9925
2891
2696
5655
9560
6770
6702
2522
7899
189
5157
7308
9536
5476
9240
6792
6464
3381
6815
1801
6688
4900
9206
9633
7706
8670
6931
5422
745
4031
3368
1749
8002
6064
7404
7561
3913
5184
1161
2890
5373
7397
197
5988
3951
9437
3858
414
3896
672
2215
1662
6651
1420
1294
4356
1168
8225
856
1914
3335
5303
3663
2415
2446
2145
9976
6359
8408
2215
9249
4860
690
524
847
4641
9961
5784
5055
4935
7535
7271
6598
5265
9770
7892
699
938
7196
2635
2852
1609
7938
6515
4024
1462
8660
5078
7821
8146
8372
8148
3005
9062
9751
4931
3702
789
714
8757
5725
9329
6027
3401
4593
5797
1292
6371
7814
9567
9006
665
2254
8023
7180
6278
9485
6918
2434
7306
5063
805
6532
9148
9867
6283
4078
3568
7072
4793
3404
3875
5200
509
7276
871
7385
9648
7242
5198
9214
7327
5863
1468
5349
4121
8825
4833
2117
1259
3217
8260
2064
9750
7407
1931
7111
1484
6578
5261
7356
9982
9137
3634
491
6412
4505
7876
7138
2826
4153
7431
152
15
8899
5501
5216
8802
333
7333
1139
3551
6671
3204
4379
4077
6214
1489
6641
3870
6750
5075
3852
6965
8710
5422
3377
3214
4376
1593
6040
8529
9024
6192
9624
9001
1692
4839
7803
3105
3250
8942
6656
9922
3224
1034
5077
9438
3602
1717
4387
351
6793
8239
7317
5502
4739
1772
9795
193
3365
5835
9802
2389
3105
9425
1389
5877
5342
270
8982
9671
291
6716
9592
3515
7750
5748
4032
2430
8544
8419
2781
5336
7736
1176
1916
2474
4027
2790
2667
8472
8625
2468
1939
2808
2971
4407
8685
8313
4678
7666
7984
4969
4381
8654
8484
3209
4401
3594
5639
2945
2012
9500
9360
9748
675
2355
3300
5782
5145
7047
4253
4848
9515
6192
7656
3565
598
7420
2956
6355
5085
2018
2402
545
672
1965
3754
6152
5559
9394
175
7572
9972
614
8398
646
4048
1698
7507
271
8745
1759
5119
9338
9030
3853
3981
707
1272
6938
8141
7437
8956
543
7982
706
2508
2814
7938
8067
3286
8113
6717
3257
9806
5115
4983
3853
7892
2489
4124
6636
5328
321
7052
5436
5254
1033
6143
7605
7971
4284
6120
8005
4827
4101
8712
8414
7995
6649
6480
1280
5840
3197
4538
5646
9391
9521
577
7282
2009
5781
4996
8416
7181
2047
3852
2434
4159
1073
1118
3208
5357
7238
1213
1262
2418
1003
9676
412
8731
7235
2771
4570
431
7309
1294
900
7908
1872
8182
996
7653
4256
9412
4833
6303
3263
8347
1541
4337
9465
5828
772
7781
7041
3114
198
9123
2789
1689
7853
1102
4461
2423
2612
2848
4796
3512
756
6668
1693
1752
5399
5949
1163
1311
3331
5506
736
5951
921
1279
1778
1693
9060
9899
4807
337
9021
8676
3105
7953
856
8645
1454
3469
1493
6250
6981
2249
2918
9754
5080
9396
6781
6243
1785
1190
2827
2521
8220
3748
3800
9999
6521
3939
975
2406
5355
1074
2160
8460
9027
3017
7105
480
6486
9677
6731
4545
1925
727
5377
8084
122
2158
5405
2987
4427
8233
5508
2647
3059
387
3724
9580
4326
4699
1986
9681
5773
4146
9219
5879
8242
6323
6359
4727
5999
4168
351
9003
4895
5728
7086
6097
8965
2491
9084
3392
1802
4591
6039
4861
4978
841
4441
382
6619
7506
1141
3470
2730
360
9349
972
7762
6787
6778
4840
954
7129
4921
5850
3936
2007
1946
2900
5577
1029
6292
8458
6699
3409
3318
2756
4250
8838
3138
868
6343
5359
4339
9074
5719
4766
1124
3480
1552
7902
9399
2507
6110
4320
8357
45
7406
1381
2945
2982
3489
9238
1439
187
3725
5836
2943
7976
4674
7161
9923
1016
2519
5340
1168
8238
106
2292
2796
2737
1273
2195
5244
7383
7594
4679
7428
4999
6060
1451
9060
627
688
1577
815
4414
7413
4837
3468
2086
1997
4469
4182
4516
9810
6429
3832
994
9801
7708
3731
1073
981
54
9535
8575
4733
8041
4652
1872
9492
3711
2499
180
5288
4393
5673
2700
9231
219
5866
1227
4688
1126
6823
4497
8634
1733
6570
8434
519
301
585
1500
355
119
1153
6167
8160
5805
9118
7652
9516
1617
8911
4803
6010
5662
8583
6319
5881
5527
7547
568
6653
5448
6145
5286
7181
2714
4799
7701
4094
5384
279
5528
5504
2512
1695
3663
8317
812
2393
8912
3508
1303
4793
597
8044
4454
6916
3924
9981
5541
5572
7712
988
2795
2998
8170
5509
8876
6949
682
4259
8307
6210
9763
818
7905
4505
214
9797
7977
9126
4383
359
4997
4980
8403
9452
2975
2327
9432
8516
8978
7144
9505
1772
1220
8753
8360
1174
6780
9042
5433
5086
5252
6275
6984
4235
1858
7198
5110
9835
7402
9494
193
2398
5552
8597
2928
8527
2002
3439
7043
979
1661
6547
3830
3960
6378
2189
5134
3157
1231
566
9322
7562
7920
6305
1796
856
4581
6907
691
1982
7479
1963
5460
3030
1638
8388
1557
3640
1826
8600
5698
4566
6225
606
8526
2602
2796
3659
6838
5106
5305
6159
2667
4303
3543
5542
5160
8124
3527
5851
1185
1005
8893
6645
4036
531
6111
6672
5250
9017
5271
2027
3582
2574
2633
2108
5176
6508
6846
3092
1613
2150
329
4280
6454
3872
901
1613
1996
4428
8543
3181
5434
7435
904
548
9045
7015
7220
5374
6031
3569
7401
692
6143
1112
2800
2397
7621
9646
5489
9234
2875
5818
4593
9329
769
5494
2020
2765
9922
1641
7025
6434
154
9008
8061
9200
6022
5280
4573
3132
8849
3052
4903
6070
4164
7703
8467
1784
8427
3955
1018
1301
852
5611
1708
1621
2183
4807
5465
3183
6448
2489
9618
6603
2575
8757
5802
9676
4037
1453
3886
3964
4505
8789
34
9748
7570
8501
1532
5997
3535
3629
8377
4387
318
1164
6008
2501
5971
2551
5684
2419
6119
6380
100
8694
6216
6981
8369
252
8434
2255
5295
4017
1043
6408
3764
9693
5988
6375
5689
601
3
5144
4988
321
7387
2074
3901
3358
4625
664
6856
1822
8123
8035
515
4338
5015
8884
5669
3448
2217
2043
8544
4340
8451
3386
4032
5517
9762
799
6118
843
7022
1105
2244
4409
4258
7224
8846
9962
7888
6780
1783
7090
4814
3377
1427
9829
2261
8176
4355
5557
218
3977
9897
9748
7363
5007
5265
8203
5806
1382
9047
2828
3567
2369
8316
8904
9593
7161
8866
8560
3940
1727
5649
9833
5105
8155
9661
8445
6330
5094
4001
6548
9071
4977
6296
6433
9984
1560
5715
6869
4021
5840
9697
7588
8209
9091
6492
7801
6251
6436
6360
1269
8163
3087
1101
4346
1242
1840
2790
7572
6934
7871
5199
7083
3926
2573
4594
3909
5212
308
1856
9233
6148
2631
6821
4356
1721
4391
3236
7972
826
674
319
67
3762
2499
4414
6083
4339
8283
3654
2351
7232
9932
9434
1157
2504
4028
6146
7716
5415
8002
8028
1563
633
4848
6998
2354
317
233
1405
1143
1987
2803
1210
6828
5303
6703
2910
9642
4986
7643
3072
2217
8654
3584
4454
1157
7612
1678
9953
3027
9680
7980
5669
1391
3906
2666
4825
4223
3979
7309
5366
5966
111
7655
2793
5414
4358
6782
5056
422
5503
9207
3718
4156
2790
8172
6393
1481
9850
6345
4508
608
5403
1255
3078
9309
3921
7903
4610
7900
5211
1054
3865
5323
8709
7737
736
4145
5597
6871
4567
1100
7156
8286
5256
9947
7536
1648
1427
8465
9072
7014
151
4474
8269
3229
4861
2189
2211
9471
1168
8501
1603
5033
3823
1391
3849
5639
5536
9446
3588
1182
1624
744
546
6881
1769
9161
9608
4275
8704
8680
1288
8855
4232
635
3163
9094
2824
6453
9643
5071
4953
2325
1183
9856
3716
5032
5494
330
5556
160
2591
7181
1983
3137
5140
3752
3377
5826
8027
2080
5584
393
935
9817
1028
5177
9989
4932
1629
709
2
6582
3034
1185
6437
7829
7296
3009
8160
2852
4249
750
1111
6232
4967
7330
1063
8344
3155
9090
423
8740
562
2437
9635
1590
8693
9623
6522
321
1410
7604
7983
4445
8789
5498
3352
7164
9587
2590
1094
3835
3341
2205
1145
9387
613
2208
7730
3768
2377
9232
3586
2939
2748
3220
5608
1440
3921
3209
1762
5332
812
823
855
679
6321
5286
7843
6986
7877
8937
820
2296
2220
3045
1682
2833
6332
490
7681
8709
800
1266
2726
3548
5566
9414
6068
565
2622
7830
6976
3434
9732
8910
4113
7131
4196
3035
4117
3151
1971
6016
5447
4192
9061
8208
8104
5393
9777
5784
5180
576
8130
7907
5204
4774
8399
1271
6418
1020
179
3394
5533
9911
3382
724
8120
8657
3759
2236
1807
6810
8253
8333
2080
7313
6540
183
3784
7395
7047
8965
7972
6255
7950
4254
1028
6348
6604
7446
7368
6783
1918
3979
7772
5301
4703
5891
3957
9542
9207
6844
6351
7459
5176
8431
5850
2795
9693
9635
189
7818
8599
9240
4072
7627
3493
6179
3974
96
3625
2420
7958
6622
6399
6808
3001
2180
2699
6959
1721
1905
3802
8072
442
56
7581
6292
2851
7274
7005
3041
6170
6682
2280
242
4308
6853
6421
9361
6949
1124
1780
5986
7747
9258
2793
747
1438
6571
8785
3159
8476
3665
2310
9997
3722
969
7368
7652
8243
4372
692
4413
1054
4052
5734
6441
904
2154
5802
8932
4358
8661
4917
2104
8998
8790
3930
435
5360
2715
4673
4915
7459
8062
4911
1180
9032
2278
8833
8353
7730
603
3844
9863
4655
9578
6303
6638
2811
3183
5570
7169
2923
1565
351
1920
1433
4281
3434
6794
8075
8107
1708
5534
7248
7698
7793
6279
1055
7704
5710
8785
8308
9555
8647
4041
210
6028
1758
4100
290
8407
2347
3213
9972
2698
5133
1405
8059
8567
9278
6133
7752
985
2745
6078
9762
538
3435
816
9321
9146
9601
8707
9779
9326
3827
1067
6433
5585
5168
7802
3991
7515
1014
5041
1292
7226
7525
9351
6871
6802
5483
5701
8866
9308
1779
8628
924
5214
9444
244
5438
123
8952
6295
527
2778
7363
6960
9442
3609
4761
3432
2202
6854
8473
3494
4079
7077
3923
2028
3878
9407
7730
3823
9793
9509
2450
716
5801
2972
960
1239
3095
990
7534
4702
3768
5975
1661
3209
662
7502
7720
2865
5434
7272
7438
592
4348
1361
2620
8226
1846
349
2048
1638
9858
5577
2354
6738
8550
4393
7977
2723
5384
6589
7425
230
3643
165
4519
4305
8746
2238
8249
4179
588
6766
4771
4936
9206
8471
4241
1051
8820
7368
3768
9757
2945
7201
6494
2573
1593
5549
6375
8056
3216
3800
8287
6859
5044
3884
2243
3789
7201
1570
9047
7790
9415
3818
2725
8620
2288
6966
9671
2186
4334
4517
1942
8358
1717
9515
2009
3311
5063
8384
2445
8280
2183
731
6217
7227
4615
9539
2094
2895
1109
1141
684
523
6038
3409
222
9405
1454
9893
1590
6867
5489
4612
6303
7206
4126
8312
1595
9190
6695
4041
8548
9958
5851
4764
8263
1545
4303
357
4440
6491
1498
5124
8093
7536
9612
8315
6940
1065
9287
9609
9011
5854
4220
5313
3059
8347
4703
5734
8615
1398
9775
8241
2434
5625
3004
696
7170
8386
1053
1609
5955
3630
6733
5127
2244
6345
4520
262
8489
4885
9872
7500
738
5170
3891
3798
4595
8595
9532
4288
1071
384
2528
4584
6009
6612
5280
4258
6076
7413
5867
2031
2121
3679
8237
4366
1102
2756
5707
669
7642
6657
9248
8380
1827
3139
3256
7501
2812
2787
1789
4962
3171
5396
9546
259
2007
5904
4517
8084
3316
1462
1193
5438
6220
9430
882
8401
2185
6589
9071
905
4325
8318
9286
7231
2535
2541
4731
6426
6408
7599
2466
657
2995
2011
916
6081
7916
6512
5243
2310
9054
6436
8827
5273
5865
787
3674
9130
8456
2744
34
2780
2140
398
10
5755
2940
5820
2180
426
4498
5726
1083
8572
7737
2000
4652
6731
9591
9896
120
8644
7410
8947
3917
4354
9735
8670
3483
8190
2492
4596
2048
5711
4995
3137
1465
9014
8957
4725
9440
3454
450
522
2025
9266
3601
7757
5997
3192
8731
7196
2914
6140
6142
6831
493
6955
6579
3976
6223
9071
9652
9350
4782
4646
2486
7326
4738
1443
2050
4177
5976
3579
5778
9081
2845
9380
6837
9921
3650
5567
7116
6564
2785
4336
4474
3279
2370
1052
8334
9672
1202
7985
9022
7063
3709
1507
4388
8447
4029
6439
3702
5
1096
9481
9086
3941
9939
7001
4940
3588
3646
3134
1230
6431
7471
5704
788
919
7836
9123
590
9038
8186
9612
6100
2974
1119
487
1420
5148
8005
6202
6232
180
6761
5317
4121
6699
3396
140
1365
8121
3274
2595
5631
1823
9379
6419
2742
7214
6620
3333
7330
4806
2944
4508
8859
5142
6074
1357
290
4079
7559
6522
5338
4319
2918
9459
1017
7393
677
3461
6593
3952
7136
2223
5775
6514
8642
9597
4806
6341
2929
3214
2225
6952
7722
1083
2094
3795
2440
3463
8953
10000
1063
4290
5397
5060
4828
7494
3532
5505
954
124
535
8090
2347
6311
5682
2067
5907
487
8408
9915
4780
632
6866
2501
1715
38
7376
5235
3501
6328
6313
5644
1697
1709
703
7604
9203
4235
3108
157
5438
3644
9326
7785
1033
5008
9853
8019
6574
9339
7933
1354
9972
5877
4934
2765
5916
2309
9079
495
9717
5391
6139
2492
7101
7922
95
7382
3235
4282
8618
8674
9005
7944
7537
37
4030
8468
9135
603
7807
8146
3036
8857
4023
7971
2700
1017
1358
1779
2591
2153
8249
9810
5724
6428
8810
5819
3810
2044
1180
3506
1796
184
1449
412
1301
5479
8880
435
7162
7765
9661
197
6621
4762
9247
400
6858
605
3258
9449
3837
1506
9258
9562
9014
8067
6459
3902
1190
7639
7408
4065
7824
9937
4477
203
5415
3357
1717
2576
2200
1377
3853
9901
6139
3099
300
2996
3704
4637
3524
8621
7222
3860
8182
6235
3006
5719
136
4196
3358
8624
9340
2260
8560
3817
2463
5053
8253
5259
8709
452
6637
2561
352
3854
5660
1731
7930
443
6368
1453
9064
3590
6392
8324
903
9398
4042
2119
4672
8479
742
4012
738
380
7829
4280
5433
7160
9540
4141
8691
7255
6702
9044
1108
2362
1853
9038
3884
8222
1569
2947
2890
7962
2349
3793
7359
6391
6991
3110
4870
7733
7122
6687
8113
6029
967
4625
3188
506
8766
1878
8840
6547
2000
9948
9988
3854
64
3871
3154
1633
7897
7123
673
245
1994
9112
6636
8986
2221
2584
6718
9343
9272
5910
5371
238
534
9638
1823
378
1515
662
6925
3516
1688
6912
8449
1752
1861
2681
4465
9758
9804
5138
2
1797
4249
7718
782
7549
301
8580
6891
9573
5568
3340
889
6102
2977
2712
7559
5572
4453
4484
166
6142
2474
8615
8973
5415
2374
3437
5172
2177
8576
6254
5053
3903
5050
5836
1452
6430
5494
9422
6003
1061
2762
7971
8242
6818
1762
5800
2389
7294
1362
2555
3435
3837
2248
2408
9252
4622
5845
5502
7878
5499
2834
2931
481
7884
9846
1933
4314
5339
2433
1395
7479
6274
444
5720
3092
2206
2598
6560
9501
3961
9116
4014
7798
2442
7501
8128
8144
3346
4708
6021
9924
7543
30
404
6505
9876
3416
1897
6293
5850
4371
3771
2123
4816
569
6294
8101
3168
2854
8680
7129
3048
2694
6005
5490
194
5211
4712
4619
9919
733
5622
8540
763
6026
6124
1718
521
8021
8011
6371
3471
2861
9573
8287
3430
5867
7466
7677
8721
6146
5884
1768
9919
2967
8337
112
8178
3049
5811
9176
4861
2511
8794
6703
9616
4917
8421
136
4017
7511
7586
7488
371
7159
5774
4880
4104
4318
2557
3903
463
8441
6750
381
1408
5086
1573
664
9214
8463
9840
5153
973
9713
1856
588
4629
1355
725
8646
8866
9390
7212
9237
6548
2985
4117
1730
7304
7753
5633
8846
7272
2382
9228
9759
7469
1879
423
7761
341
1341
3993
2393
1053
5849
2981
6762
7204
4785
6486
7149
4175
3698
6385
1801
7762
1580
3532
6144
411
9165
4990
7684
1547
5296
7442
94
7175
8944
8934
8595
285
2926
987
2417
9854
5047
9179
8137
9833
5665
5285
5086
9363
2748
6887
7124
4329
418
4347
4740
662
9337
3502
2209
5711
944
3382
3964
9888
2315
2558
1251
5242
4624
3669
5095
9671
3926
3231
581
9591
9595
5667
31
2343
3633
8235
7751
4051
2581
2490
4713
2996
7072
8001
8707
9095
1382
2670
8982
4777
6307
1312
1097
930
6060
7271
1679
9986
1581
3340
655
1175
85
1765
3518
3718
10000
1268
8849
3659
4838
4640
6655
1909
2641
6440
1003
5102
9110
1063
957
5416
3454
2054
7425
9514
9326
9105
578
906
3523
1233
3160
3608
4077
6679
7327
5156
9026
6175
8815
4942
814
6549
6851
4534
2988
8933
9637
3177
1075
1672
9672
4529
3727
7097
5122
4131
7280
6779
5037
802
8012
9276
4410
3167
5954
2815
8323
6059
8990
7138
1000
883
4765
8931
5417
7753
8942
6132
929
16
7805
1680
5625
2610
8777
1825
6741
7135
8604
2856
7937
7694
2131
3425
860
9165
7320
9184
5223
7388
7400
7302
8271
2164
6232
4767
995
5174
1977
3004
6269
860
4684
2972
4549
3460
5876
1289
594
4479
4145
9610
3251
6277
4113
4112
5441
1432
4374
1742
9900
1773
9044
8170
5016
6355
4015
6011
1528
7072
9015
8876
7932
3698
2927
2481
8237
8803
4849
9910
3282
8995
9519
6533
6350
4711
1723
2869
7222
6097
5690
7121
8949
4733
6370
3964
1087
384
9976
3694
8535
8990
3649
7546
3767
6576
26
2003
5378
5954
1913
9739
6027
2510
7351
2376
7221
9074
6324
5522
6250
2013
2642
6277
7826
90
241
9992
1554
1295
4765
88
1363
9493
7634
5130
6068
8739
7134
2524
4693
125
3342
719
2635
692
4175
935
844
1577
6457
8173
4670
177
4450
3574
268
5770
3565
1822
8144
9409
1910
585
8901
9545
5716
6047
9362
3928
8572
4054
5132
2992
5853
7767
3684
27
8702
5607
2683
5158
4859
7353
6415
9309
926
6683
6157
5571
8505
5379
4979
1493
5964
4959
2116
2758
1005
1478
7765
655
5532
2896
3647
2463
663
8410
3569
443
4017
6253
5602
8876
3605
2016
9263
5611
9778
6498
1181
8282
2955
7239
853
8919
2197
2970
1677
4282
4448
9442
4937
1058
3417
9664
3522
4080
8073
7091
4523
3168
3343
1203
3122
8028
4298
3463
3638
4075
1039
5898
3435
3994
4215
4289
2913
7492
8338
5669
2852
2785
6189
8868
3843
9606
8531
7365
4764
7683
4456
366
1929
8878
2648
6131
6905
6947
9594
1621
2100
1712
8598
6615
5706
2813
1982
9698
1383
319
6445
4235
4183
2634
3102
8026
3318
1633
6470
9162
394
925
9528
2323
9803
3254
8454
7787
200
9127
9408
3380
838
8006
9995
7623
1897
3055
7321
3280
3374
3765
7515
8636
7478
1695
6661
1875
4407
3130
2115
4801
5134
2721
7125
4937
5975
6657
3802
6176
5783
3209
634
6621
2293
1707
5323
4190
4762
2643
8549
9215
7487
7142
7850
6044
8838
5589
8998
3244
8720
1112
8046
4932
3833
6249
9869
9808
2905
4749
7062
9768
7959
8775
7467
251
481
2789
5521
6322
5432
4069
6615
3998
1211
4464
41
48
1132
117
4371
9852
1229
2416
4783
6141
9744
5731
7027
3728
479
4089
3495
9517
3942
961
847
4424
4830
6368
1824
261
436
8440
5338
2726
2903
6458
2774
5114
6575
7146
4965
8883
640
827
5023
1463
7637
2050
5191
9195
7218
8686
9791
1159
725
637
6662
5555
7005
8487
6896
8520
6926
2233
1246
907
9771
5099
6022
6345
3323
2065
6307
5043
3971
1329
6506
1607
4458
1696
1881
1675
1460
1671
3914
3264
2308
575
8820
391
140
6794
8911
7066
105
1235
9053
9876
6335
6153
7300
736
8218
3606
5779
3268
4935
3363
5954
9394
5059
7835
2147
7598
584
6061
862
2892
7716
9682
4362
7856
7554
4352
4922
7659
5587
5053
7535
3000
1205
4834
3737
501
9519
594
3769
4453
3958
9724
4925
95
8637
8152
7694
9222
4212
9635
3192
1927
394
7555
9784
7948
1906
5784
5606
8572
1915
3140
2651
3120
9053
7467
3621
8571
8061
8470
4103
3097
9272
106
4272
7908
8258
3044
8208
3549
2678
1400
5476
3072
33
6338
2098
3018
3200
7704
1589
5115
1923
5319
9314
975
2785
4014
625
846
2483
4728
5022
1754
4834
9294
740
4171
2337
8949
7720
6094
1427
4274
9166
1460
1691
2342
4478
4891
46
7146
1085
1969
2465
398
4023
5250
5491
4648
7175
7974
454
2197
806
6368
2569
2626
538
4907
1574
8258
2079
3001
2531
1245
5540
5301
4666
17
1271
4712
8242
2356
7760
706
3833
2862
7036
9325
8589
5289
8377
9044
7486
262
6490
1134
2888
7028
7120
5541
6364
9199
9621
9974
1522
5160
5275
6189
6256
6546
900
4497
9981
9740
6283
3813
3680
3318
4216
2268
9686
3672
2390
7172
5013
8880
9385
8980
6986
6504
5599
3349
5702
5219
3323
7225
378
9677
3413
7713
6222
5392
2209
6202
6210
9571
1093
9890
3967
6389
3237
3653
1139
5627
1903
6152
5586
1287
5131
2571
7791
729
7000
4571
7027
1401
2874
8484
1077
7366
6196
8378
3837
9484
5658
46
9055
6751
1015
3021
4218
4252
6674
5357
957
8577
1508
6543
942
7718
193
8733
9526
7193
4383
6552
8594
7257
6114
749
4623
2309
9127
8460
1793
4784
9585
1926
2613
599
4947
6832
4851
2700
2188
5809
1276
4776
3430
2219
2493
3623
2030
3098
815
6413
728
487
4749
6843
1236
9372
9152
362
8910
2023
6225
8494
3949
8839
9094
9976
5670
5023
2675
7858
831
5030
3712
5341
8328
6206
8964
1437
382
858
7850
1110
1345
3677
7953
2582
3048
8184
4023
1957
206
248
451
5235
9087
623
5210
5835
5646
8964
3692
7557
3993
7405
2897
2321
4689
1860
3758
5071
2718
2686
6181
5143
6364
5213
8804
490
3396
2826
3527
3602
4153
5057
9916
3239
5680
5125
9074
1325
4088
3845
9961
9161
2328
2857
2560
8096
5797
6318
4245
9594
82
1504
4736
7525
6717
3539
8016
112
7445
2621
4794
1597
7678
4709
5916
3357
913
6068
5761
6080
991
6801
5240
3319
9658
7800
2493
6533
5196
6738
6127
6358
9322
862
3882
6038
5481
2976
6151
4004
5597
2023
5601
3274
6732
2595
7710
8724
8664
4550
4804
9655
1350
1122
4053
2086
1
7625
8620
5197
4363
4746
1554
3684
6687
5437
800
3246
9492
8030
7250
5089
52
3930
9442
7864
6525
8231
6587
5188
3859
2469
5922
6288
3592
9975
8374
3593
8678
8072
9869
3040
3896
2502
7803
583
7939
9683
4908
8509
7712
2158
3597
7765
7167
4118
6707
3691
3427
3293
9959
7286
6842
5880
3573
1512
6933
3025
5105
5610
2176
6052
9730
6072
8554
8611
7734
7571
8293
2642
6080
7084
5879
755
5927
4124
5952
2633
7815
9379
5926
8852
6664
3846
4731
1315
5358
2742
5420
1541
9432
7596
7594
9161
4746
7226
8850
2480
4797
8222
6201
876
5305
3158
2710
1231
7282
8663
3864
6175
8041
868
5027
5784
4715
9758
8178
1151
3579
3597
2693
3010
2271
1365
3249
7018
8591
3177
576
3387
1398
7856
5342
6703
1013
8053
9013
9374
7794
3955
5548
5834
5903
574
2696
1696
1411
874
2847
4990
5550
5540
9079
7822
7984
3406
5918
6575
6583
7573
9962
7982
5428
6383
5763
6441
5514
4776
6893
3307
9810
2440
219
5712
3015
2916
7408
5505
4869
255
1573
418
6874
651
9319
4858
4057
6315
1432
1718
3887
2472
9700
393
9934
5463
7913
5447
1317
4805
9833
2205
7246
1131
7918
1339
5126
5325
6844
9995
6659
9496
1491
3533
146
1889
9470
5282
8204
1980
7000
3170
5531
7779
3563
5465
4320
1476
1990
6716
6281
1823
8921
4605
2954
6838
5944
8080
2163
3866
9153
9901
3361
643
3433
4586
2532
3981
946
1815
5961
9026
4985
1492
7883
9627
6957
2202
2181
25
8918
9542
1848
7838
4146
4802
4676
1169
3960
7918
6114
3112
8897
9476
3756
3409
5140
7367
7390
7166
9182
3351
6191
5245
5922
4073
5951
3957
7354
8132
3982
6271
8752
5831
5187
2898
1711
941
5146
6751
8859
1259
9863
8835
1813
4697
2243
6954
2064
9633
4119
2324
4062
1388
8649
9984
6540
4599
5019
3893
3809
9002
163
2561
5911
5350
6538
8701
6292
1683
5451
6229
4021
5314
5063
5835
10
8385
3867
3153
8018
9065
5478
2079
452
4126
3142
6992
9804
8161
1963
4691
8241
3205
7252
4151
8555
4868
3931
5925
7630
9382
3233
1651
5774
9375
8565
5785
7760
2431
8938
6856
1495
5494
8935
3026
698
3155
1096
501
1316
3059
5193
635
6264
3523
5866
5897
9471
9797
2901
7100
256
7213
9830
6031
6587
8394
2894
5425
1903
2910
2280
4477
8405
2294
7503
9103
5449
9678
683
7844
2736
5876
9559
78
477
5424
7055
9948
6299
9956
8127
6555
8247
7956
3664
5912
7429
6558
1337
410
9469
4696
4888
8952
6990
3469
9133
3518
4226
9816
2440
6962
6770
1998
8120
8327
8501
5174
8274
4799
6208
6400
2433
4454
5435
6097
365
3942
2655
2781
4352
3202
7478
318
2153
5546
4867
2364
142
9093
3259
2583
7133
28
5660
5252
8355
4161
1504
7708
8960
7712
5186
1392
3244
620
7490
4689
4562
1223
7470
9994
4425
6026
311
7657
1572
5178
1099
1714
5349
4358
5376
2482
5466
1036
7734
3820
5197
9239
2606
5235
8029
7793
7707
1273
9492
6275
5962
5133
8577
4510
5126
4080
536
6516
2815
2108
2773
3914
4901
8122
8273
277
603
3738
2392
9417
8637
8668
9734
1243
4981
7762
114
2687
113
684
40
7154
5817
8617
1664
2021
2696
3279
9617
6590
6466
2389
504
1366
510
8777
2722
2193
3593
6193
1609
2229
4860
1342
4551
920
182
5744
4686
1375
6429
4727
8529
3324
4422
1271
6425
8198
4550
6041
4787
2094
8430
5291
4540
18
5146
8341
3290
8739
4534
5978
2047
472
8399
7677
1392
8582
4500
6079
9957
2007
1884
9564
5331
6306
835
2834
4503
6464
8875
369
8559
8383
6739
3098
9481
1885
1438
3849
1702
7051
9828
4828
7524
8226
2505
9995
7886
8084
6073
8921
90
7957
8485
6500
5342
398
9335
923
7941
8209
1292
6499
7671
8032
675
8230
995
3193
2078
2697
243
1905
7526
7767
1210
1109
8841
9096
9193
4913
9096
9283
3949
7580
5782
9291
9057
6195
213
6997
5483
2585
4575
3153
616
5250
1382
1611
8443
3460
5387
9766
6445
3991
8611
7655
5100
7451
7829
5371
2364
6924
5732
7392
5582
2593
6682
4638
8788
7974
1635
4270
558
7289
8502
2253
2538
962
4943
2060
4423
330
2904
1946
4321
1514
679
500
8966
8508
5871
2408
6511
1603
878
2092
4196
8639
7810
4062
6612
9445
8333
8250
7812
7913
1581
349
8876
6525
3488
4377
7934
7471
6323
3333
8986
7002
3833
9030
6588
9705
2516
4177
2386
3394
6270
7661
2032
4079
1722
9723
4602
1133
9051
2413
9047
632
3841
7922
8236
8409
2298
6169
5879
9700
9502
5943
7780
4414
6051
4367
4118
8567
8545
7583
3039
5893
6322
5071
1050
8044
5873
5652
256
4923
9144
9303
5555
4063
8303
3790
2471
1679
1037
9430
1378
539
5372
9158
4953
1423
4603
149
1068
4226
8811
4108
118
5132
257
1168
4254
6130
7899
4510
1053
7042
4891
7687
1105
3193
1477
4655
4872
3593
4084
7329
5211
535
7565
1242
3037
2168
2470
5184
6394
1280
9292
7592
7491
9550
9839
1745
5679
8817
6255
7811
5858
1146
5498
8042
5418
8054
3776
290
1646
8939
8698
6858
552
6263
8100
3589
9510
570
8774
6982
2929
9144
4573
420
8693
5491
2165
5451
4307
9499
4340
1243
644
9838
364
7142
7891
4140
8511
616
4157
7208
8553
4710
3470
7731
9378
4058
9380
9230
1040
2309
8374
6692
3808
8145
2182
5973
4674
6489
6550
9015
8812
7195
8852
9176
5415
7822
4394
3925
9517
8551
1132
8069
3260
5682
5799
2638
9740
5179
2946
779
7488
1319
7472
1295
543
732
8347
5217
8301
4896
4231
7112
3169
4162
6287
8584
3062
1759
2508
2578
309
4720
646
3570
401
6445
7287
1219
1623
232
1999
189
2631
549
2563
3174
1281
909
9470
9582
6885
4780
7772
53
8942
5137
9717
3082
6896
2224
5660
7206
8023
7385
1854
8424
4908
219
9644
7611
1530
2721
7800
5240
3270
1442
8414
5630
3430
8963
6291
314
3742
4062
1447
3762
9200
1163
6844
7174
4466
3582
5458
2489
966
7312
1991
5874
8610
1634
4563
140
5434
2363
5380
9783
4884
4873
5413
8314
3835
2782
8629
8656
6844
1154
2417
7122
2317
339
5375
7862
3921
832
1429
5966
9224
3421
2918
7833
6134
7482
9052
1568
923
5511
2429
5807
1462
7842
4120
5297
1702
2748
3952
9626
3902
7448
7826
7298
7787
3200
6239
1707
4033
7668
8752
3256
1088
1669
2167
8302
9151
2298
948
73
7809
3377
5880
9271
2298
1079
5646
4000
3827
676
3625
8809
8124
2530
7185
5910
5730
3423
8696
841
1091
8526
4097
3258
194
7344
2638
424
9642
3586
1576
7450
6964
8536
7799
340
9615
3444
5419
4520
4120
123
3328
3322
2653
1592
310
8383
5015
84
9225
7185
8610
4400
1522
8804
2822
4160
306
2463
7747
1883
991
5789
418
8790
7208
32
3312
2626
4552
8511
2749
8960
1832
5402
1630
2142
4864
6645
2226
4088
4909
1914
9567
6431
718
2389
590
2103
5931
9416
3986
6923
6283
4404
6791
3490
5515
103
7196
1146
9693
9945
1184
1525
6426
2814
4746
2368
9459
8052
7535
5446
9966
7101
1876
1762
568
3546
3866
6500
4040
7852
4501
1402
3335
1291
5971
9929
2473
3166
1074
3245
4190
3337
4770
615
6151
594
2983
6689
8646
517
2134
9691
8697
5090
1452
9266
9715
5318
6844
4833
4249
1344
6235
8663
3714
2206
8591
7267
5372
744
511
640
4081
6360
1255
1311
6954
5317
8000
6679
6913
1212
7448
6689
6302
8900
5954
7095
5297
3876
1928
624
6299
9242
9287
12
1447
8956
8358
7899
778
8869
8539
5939
6307
873
7250
4340
7269
5249
1018
4182
7540
9545
1949
3842
8444
8982
2015
4819
2857
3943
5443
9156
4264
5808
246
5711
5843
8605
4688
6621
8552
4306
3638
4859
5179
887
9199
3526
7215
1295
8787
4755
839
735
9676
361
9717
1690
6260
2573
6713
2781
2807
976
8590
3054
7766
5511
2737
3533
3210
1288
7839
6849
7226
4096
8815
7503
7622
7109
9877
7488
1863
715
8223
2617
2156
9019
5386
8416
1591
2098
1196
5478
4153
864
9611
2998
7454
2347
6531
664
4714
5448
8592
1940
622
7406
9443
9323
4514
398
6810
7456
1113
6112
1151
4348
5130
6538
3842
7800
9715
6118
3277
4947
8061
2887
7945
5515
6313
5554
6179
1027
2080
5849
4046
2702
4333
4567
3103
9927
4965
9914
7382
7158
7104
9613
2584
2233
6150
6427
32
6943
2544
4389
1889
604
7276
9834
7198
4668
6466
4455
5695
8546
303
819
2326
4637
5386
5430
4563
1430
6422
3023
8588
3525
2635
1171
5758
9864
8677
5790
6807
2299
178
8696
3983
8534
9609
1180
4280
6074
5636
1053
5699
5939
1872
8025
1654
8337
3454
6217
9767
9876
319
9433
4479
4033
1683
236
3897
359
7106
1782
3738
8363
477
7721
7975
85
8901
2254
7239
4536
3307
2937
1554
5179
961
3208
4595
5495
504
4361
6449
823
4873
928
4856
6556
1164
9832
7994
9349
1613
1731
7712
3170
530
6765
4334
9432
9020
1572
5046
2326
5588
6600
8585
7629
887
3179
3123
2470
8619
9572
4372
3491
499
9228
1125
2743
138
9120
3170
1751
1929
881
6000
2460
7647
334
2970
7745
1906
8016
70
8574
5695
9734
6202
7661
2912
9325
130
2610
9975
4502
6101
1553
4808
7227
4296
4946
7425
7466
7777
432
9427
3776
2892
8152
4110
6941
5896
7096
4957
7045
5669
651
7858
1870
8312
769
2273
9521
4458
2247
4022
559
3800
8830
8865
9175
4855
7368
7720
2631
7800
8225
7486
1771
6376
1596
8712
3350
9771
4747
1473
6518
6477
9331
8388
5867
1179
660
5387
5637
3986
9409
7275
7787
9318
7218
8040
4172
4585
6838
6803
3464
5062
5367
6314
2516
8042
6104
5866
7812
851
7340
4329
7328
7749
3795
4274
8928
5534
9661
4565
9521
148
2918
8386
9466
136
7504
3637
5800
4342
1518
9264
9404
6885
6656
1920
4927
2760
8865
3817
4690
7283
9226
3096
5032
3020
7370
5038
9634
7031
681
232
7179
3600
8618
6644
3736
7200
1359
9536
1541
2877
9879
2024
840
6534
3944
5767
9294
3887
663
5062
2249
9889
8159
8360
2908
5528
3397
3620
3637
4079
3852
815
7679
3548
8538
2493
748
975
2028
2289
4931
1906
4313
5772
9520
9336
2617
9892
4302
3280
4954
6551
3168
3112
4910
7156
9719
8307
775
3356
3464
4628
5250
2221
9255
4867
4714
2
5842
6743
2292
773
9728
7684
7624
325
8099
240
217
2400
3521
6250
8951
7768
440
4939
4923
158
4324
6778
3514
7789
2484
9844
9
1738
4710
4724
1741
1630
2545
5112
3482
3351
2795
1105
3677
893
1346
3894
4372
5946
1222
3322
3713
1662
8261
8637
1820
2585
6493
6414
1452
8977
6257
1461
714
2045
7264
3534
3675
9809
8646
8237
3160
2520
9342
7916
4492
1766
2888
8865
7712
4110
3265
1425
5772
2605
1140
8671
5190
7633
5084
7721
6609
2419
260
8402
5543
7525
1936
297
8412
581
8534
2650
4180
7875
565
9752
720
3453
8616
8432
8642
1880
935
4413
4485
2075
3084
753
786
9247
9553
7395
2745
9814
6876
8288
7338
8812
8585
6828
471
7118
9479
5731
6072
1122
5482
6792
5655
4097
6302
4296
7056
7238
9789
2620
9313
3951
4452
1178
3197
4005
8573
7021
3818
6527
5309
2234
5338
4972
140
6889
3169
9619
2619
9241
1820
8101
7111
7475
2197
4491
2849
331
1728
2637
2951
2120
6588
8483
3298
864
2487
2949
7885
7384
9477
4272
9618
5893
9245
9758
2781
2413
455
5400
2732
3354
4579
921
828
7855
5412
4756
8187
8220
7394
2216
339
5060
698
4716
7003
3185
7665
5967
1647
8220
1317
1264
4113
561
2101
7973
4053
2556
4452
7864
6989
9031
8785
7817
6886
5276
3651
5072
3495
2123
8367
4913
8263
9066
707
5265
3329
8372
2310
4977
7671
3628
7320
2862
5268
9421
834
400
3055
5286
8264
43
4317
8128
8939
1202
3403
3669
7353
7977
5792
6798
3968
4054
5863
4675
398
271
4125
3787
6327
1795
7415
3646
4657
3762
4146
5492
4162
8280
1856
2425
9403
6173
552
9420
8454
5034
3088
6885
3010
8881
3683
6978
2934
624
2731
4411
895
6857
8199
8301
8652
6692
3026
4388
453
7172
958
4615
6530
2814
8120
5932
66
9751
5352
9599
4785
8440
6484
8874
8399
166
6931
2412
1869
9662
6823
3844
6518
6100
2144
6249
2792
6249
1715
3245
4499
2673
8940
1029
5487
8138
8040
6632
7888
3391
6231
3751
2910
2714
2625
1308
3959
9556
3720
6907
9217
1622
750
6814
7722
3974
4141
513
222
5856
4838
4722
8529
4856
5751
5094
2993
3790
1726
1959
8261
9036
5711
2249
1749
9415
3557
6787
8970
8357
3693
9265
9979
5523
7157
8779
9497
1297
