8
13
14
16
21
34
36
42
44
50
64
66
107
110
123
143
145
146
162
175
190
193
204
214
224
227
241
249
255
260
312
314
318
319
338
349
352
354
366
382
393
409
414
421
433
441
442
447
452
458
480
495
506
521
521
545
569
591
594
600
611
619
625
649
658
664
666
689
715
720
729
755
757
759
765
771
791
797
801
805
808
843
882
893
914
927
933
944
948
956
1003
1003
1022
1028
1033
1039
1045
1055
1058
1074
1087
1088
1096
1110
1123
1163
1177
1189
1196
1196
1210
1222
1223
1226
1227
1234
1247
1247
1254
1295
1304
1306
1311
1322
1323
1332
1344
1352
1363
1368
1376
1384
1386
1389
1392
1393
1399
1401
1402
1423
1434
1445
1445
1480
1492
1493
1538
1546
1583
1586
1587
1606
1626
1628
1634
1653
1658
1670
1674
1686
1699
1708
1712
1713
1718
1734
1748
1756
1769
1772
1777
1780
1782
1783
1794
1809
1814
1830
1850
1850
1856
1858
1866
1867
1880
1884
1886
1894
1961
1969
1970
1978
1994
2002
2007
2008
2015
2019
2051
2058
2075
2075
2076
2084
2091
2096
2103
2106
2112
2121
2131
2132
2149
2164
2166
2174
2180
2193
2203
2214
2217
2220
2226
2232
2234
2253
2275
2279
2280
2290
2294
2298
2303
2308
2315
2320
2333
2345
2356
2357
2376
2394
2395
2435
2443
2453
2454
2458
2480
2500
2517
2521
2571
2589
2609
2610
2612
2624
2652
2660
2668
2682
2684
2687
2689
2705
2722
2736
2756
2804
2853
2854
2870
2890
2895
2898
2902
2915
2918
2935
2953
2957
2963
2971
2971
2987
2991
3004
3026
3032
3034
3051
3070
3070
3083
3091
3107
3125
3127
3130
3131
3134
3135
3140
3147
3149
3152
3155
3169
3188
3199
3214
3236
3253
3254
3262
3263
3265
3276
3285
3292
3305
3312
3313
3328
3330
3345
3351
3352
3364
3402
3409
3415
3422
3423
3431
3441
3442
3456
3468
3473
3491
3496
3532
3548
3550
3579
3585
3596
3596
3603
3606
3611
3622
3637
3641
3649
3672
3683
3718
3720
3724
3763
3764
3769
3791
3798
3802
3804
3813
3839
3839
3844
3852
3854
3866
3871
3872
3873
3885
3887
3898
3912
3921
3926
3932
3941
3950
3955
3965
3985
3997
4026
4032
4054
4072
4081
4084
4089
4093
4096
4098
4099
4100
4103
4117
4119
4128
4128
4138
4138
4156
4165
4177
4181
4184
4191
4195
4198
4201
4208
4223
4225
4229
4252
4254
4272
4284
4286
4308
4309
4310
4314
4318
4342
4366
4371
4387
4390
4421
4422
4427
4432
4433
4459
4460
4461
4470
4481
4488
4489
4496
4509
4513
4515
4522
4528
4538
4540
4551
4561
4561
4571
4592
4606
4612
4612
4619
4624
4633
4637
4640
4645
4674
4674
4681
4700
4701
4702
4720
4737
4744
4765
4787
4790
4793
4808
4809
4816
4829
4842
4844
4852
4858
4864
4883
4889
4894
4895
4904
4906
4928
4929
4929
4937
4941
4952
4965
4974
4983
4986
4987
5005
5009
5053
5054
5096
5096
5100
5104
5146
5149
5169
5189
5195
5210
5234
5235
5239
5248
5280
5283
5297
5306
5320
5332
5333
5337
5340
5340
5344
5350
5355
5385
5398
5400
5402
5425
5430
5434
5439
5448
5452
5473
5480
5481
5504
5506
5530
5540
5557
5586
5594
5595
5601
5602
5602
5614
5620
5621
5652
5663
5670
5685
5693
5719
5735
5739
5760
5767
5784
5786
5790
5792
5805
5807
5811
5873
5888
5889
5907
5910
5973
5978
5999
6003
6004
6005
6007
6012
6014
6014
6023
6023
6029
6041
6047
6054
6064
6073
6083
6091
6094
6097
6100
6104
6114
6115
6122
6130
6133
6149
6155
6157
6163
6190
6203
6206
6233
6295
6296
6305
6318
6320
6331
6342
6356
6370
6371
6381
6394
6409
6419
6471
6478
6485
6495
6495
6500
6512
6512
6526
6550
6556
6566
6574
6592
6617
6639
6640
6644
6648
6650
6691
6699
6705
6711
6742
6751
6767
6770
6785
6790
6799
6813
6815
6816
6826
6832
6833
6838
6839
6842
6853
6861
6869
6874
6874
6878
6883
6910
6928
6948
6950
6955
6957
6959
6975
6977
6981
6999
7006
7028
7033
7038
7042
7051
7059
7065
7072
7075
7084
7098
7102
7103
7109
7122
7124
7151
7155
7170
7172
7186
7187
7198
7199
7217
7222
7225
7237
7243
7284
7290
7294
7318
7334
7348
7349
7362
7365
7378
7382
7383
7386
7398
7402
7403
7403
7404
7407
7410
7421
7422
7424
7426
7434
7437
7443
7448
7485
7502
7515
7537
7554
7574
7583
7586
7587
7602
7611
7622
7622
7629
7632
7636
7650
7655
7661
7677
7686
7704
7710
7710
7721
7726
7748
7750
7769
7776
7784
7787
7800
7805
7808
7825
7829
7848
7856
7860
7861
7868
7869
7873
7905
7909
7919
7922
7928
7935
7937
7957
7961
7964
7982
8028
8030
8034
8039
8044
8045
8059
8062
8077
8084
8085
8089
8090
8100
8124
8126
8144
8174
8180
8221
8231
8235
8260
8264
8268
8279
8280
8299
8331
8331
8368
8378
8403
8411
8433
8448
8449
8461
8518
8521
8522
8532
8572
8572
8575
8576
8600
8617
8631
8641
8644
8644
8650
8671
8676
8676
8681
8704
8716
8740
8755
8768
8789
8799
8806
8814
8825
8832
8841
8850
8855
8870
8896
8908
8950
8951
8951
8952
8953
8956
8960
8966
8974
9002
9006
9009
9023
9044
9050
9066
9066
9067
9073
9090
9114
9116
9118
9123
9127
9138
9164
9167
9176
9196
9203
9205
9252
9262
9267
9276
9277
9279
9280
9281
9308
9313
9337
9349
9352
9358
9375
9379
9412
9415
9431
9441
9453
9462
9470
9477
9482
9525
9525
9527
9528
9528
9548
9557
9571
9585
9606
9619
9630
9637
9645
9660
9669
9687
9691
9712
9723
9747
9753
9758
9760
9775
9792
9792
9796
9797
9800
9802
9808
9822
9824
9825
9830
9838
9849
9867
9870
9871
9879
9882
9890
9893
9903
9912
9913
9924
9942
9956
9961
9962
9984
9995
