1
1
2
4
6
6
11
11
14
16
17
18
19
21
21
21
21
24
24
25
25
26
26
27
31
33
34
34
36
39
39
40
40
40
41
41
41
41
42
44
45
46
47
48
49
49
49
49
49
49
52
53
53
53
57
58
59
59
60
62
63
64
66
66
66
67
67
67
69
70
72
74
75
77
79
82
83
85
86
88
88
90
90
91
91
91
93
93
94
96
96
96
97
98
98
99
99
100
101
101
102
102
103
103
104
107
107
108
108
110
111
111
113
114
117
117
118
118
119
120
120
121
122
122
124
124
124
124
125
126
128
130
131
133
134
134
136
138
139
140
142
146
146
148
148
149
150
150
154
154
155
156
160
160
161
161
161
163
165
165
167
167
167
168
168
169
169
169
170
174
175
175
176
176
177
178
179
180
180
181
182
184
184
185
186
186
186
187
187
188
189
189
191
193
194
195
196
196
197
198
198
200
202
202
206
207
207
209
211
211
213
219
220
220
221
222
223
225
226
227
228
230
230
231
233
233
234
234
234
235
235
237
237
237
241
242
244
244
244
246
247
248
251
253
253
256
257
258
258
258
260
260
261
261
263
264
265
265
265
266
267
267
269
270
270
271
271
271
271
271
273
275
275
275
275
276
277
277
278
278
278
278
279
280
281
283
283
283
284
285
286
286
286
286
287
288
288
288
291
292
293
295
295
298
298
299
299
300
300
301
302
303
304
305
305
305
306
306
307
308
308
310
311
314
315
315
315
317
317
318
318
319
320
323
323
323
325
326
327
327
328
328
329
331
332
332
332
333
334
335
336
341
344
346
348
348
350
352
353
355
356
357
357
359
359
359
361
361
362
364
364
367
368
369
369
370
371
374
374
374
374
375
378
379
379
380
380
380
383
384
386
387
388
389
390
391
391
392
393
393
393
393
393
394
394
394
395
395
396
397
397
397
398
399
399
400
400
401
401
402
408
408
408
409
409
409
409
410
412
412
413
414
415
420
420
420
423
423
423
423
424
424
424
425
425
425
426
427
429
429
430
431
432
433
436
436
437
437
438
438
438
441
442
443
443
445
445
448
450
451
452
452
452
453
454
455
457
457
458
459
460
460
461
465
465
465
465
466
467
468
470
473
475
476
476
480
482
484
484
485
485
485
489
492
492
493
494
494
496
498
500
501
501
502
502
502
505
508
508
509
509
509
510
511
511
511
512
513
518
518
518
519
519
520
522
522
522
523
524
524
524
525
525
526
529
529
529
529
530
531
532
533
534
535
535
535
537
539
542
543
543
544
544
545
545
545
549
550
550
550
550
550
551
552
556
558
559
559
561
562
563
564
564
565
566
567
567
569
569
571
573
573
576
579
582
584
584
586
586
586
588
589
589
590
591
591
593
593
593
595
595
596
596
597
597
598
600
601
602
602
603
606
607
607
607
608
608
610
610
611
612
614
615
616
618
618
618
619
622
623
625
625
626
628
630
631
632
633
635
635
636
636
637
640
640
641
642
642
643
643
643
643
645
645
648
649
649
649
649
649
650
650
652
653
654
654
655
658
658
658
658
659
659
663
663
665
667
668
669
670
670
670
670
671
673
673
675
677
678
679
679
679
679
680
680
681
681
682
682
683
684
684
684
693
694
697
697
700
700
700
701
701
702
704
704
705
706
707
707
716
716
717
718
720
720
723
723
723
724
726
727
730
732
733
734
736
737
739
739
739
740
742
742
743
744
745
745
745
748
752
752
753
755
756
757
758
758
759
759
761
763
763
764
765
765
766
767
772
772
772
773
773
773
775
781
781
784
785
785
786
787
787
788
790
791
792
793
793
794
798
798
799
800
801
801
801
801
802
803
804
805
806
807
812
813
813
813
814
814
815
815
816
819
820
820
821
821
821
821
821
822
827
828
831
832
832
833
834
834
835
837
837
838
838
842
843
843
843
845
846
846
849
850
850
850
853
855
856
857
858
858
860
861
861
862
865
867
868
869
871
871
872
872
873
873
873
873
874
874
875
875
876
876
877
877
878
879
880
880
882
883
883
884
885
889
889
890
890
891
892
894
895
896
896
897
897
897
897
899
900
900
901
902
903
903
903
903
905
905
905
906
908
908
908
911
912
914
915
916
920
920
921
922
923
923
924
926
926
928
929
929
929
929
934
935
937
937
938
938
938
938
939
939
941
942
942
943
943
944
944
946
947
947
948
949
950
952
953
954
956
957
958
958
959
961
965
967
968
968
968
969
969
971
971
972
974
974
977
977
978
978
979
979
980
980
983
983
989
990
991
991
992
992
994
995
996
996
997
999
1000
1002
1004
1004
1005
1005
1005
1006
1006
1006
1008
1009
1009
1009
1009
1012
1016
1017
1021
1023
1024
1024
1025
1026
1026
1026
1028
1028
1028
1029
1030
1030
1031
1032
1032
1033
1034
1037
1038
1039
1041
1043
1043
1044
1045
1046
1046
1050
1051
1052
1053
1053
1056
1057
1057
1057
1058
1058
1059
1059
1062
1062
1063
1064
1064
1065
1065
1065
1066
1067
1069
1069
1071
1072
1072
1074
1074
1075
1075
1076
1077
1081
1086
1088
1088
1090
1092
1092
1093
1094
1096
1096
1097
1097
1098
1100
1102
1102
1104
1104
1104
1105
1106
1106
1108
1111
1112
1113
1114
1116
1119
1120
1121
1122
1122
1123
1123
1125
1128
1129
1130
1130
1131
1131
1131
1131
1133
1135
1136
1136
1138
1138
1139
1139
1141
1143
1143
1143
1144
1145
1146
1146
1146
1148
1148
1148
1149
1149
1149
1151
1151
1151
1152
1153
1153
1154
1156
1157
1159
1159
1160
1161
1163
1163
1164
1165
1166
1167
1167
1167
1167
1170
1171
1171
1171
1173
1174
1178
1179
1181
1181
1182
1183
1184
1184
1185
1187
1188
1188
1189
1190
1191
1191
1192
1192
1193
1196
1196
1197
1197
1197
1200
1201
1202
1202
1203
1205
1206
1206
1212
1215
1217
1217
1218
1221
1223
1225
1226
1228
1228
1230
1232
1232
1233
1233
1234
1234
1234
1235
1235
1236
1236
1236
1236
1236
1238
1238
1239
1239
1239
1240
1240
1240
1242
1242
1243
1243
1243
1244
1246
1247
1248
1248
1249
1250
1251
1251
1251
1251
1252
1254
1254
1254
1257
1257
1257
1260
1260
1265
1265
1266
1269
1271
1271
1272
1272
1274
1274
1274
1275
1277
1277
1280
1280
1281
1283
1285
1288
1288
1290
1290
1291
1293
1295
1296
1300
1302
1303
1303
1303
1304
1305
1305
1306
1306
1309
1310
1310
1311
1312
1313
1313
1313
1314
1316
1316
1317
1321
1321
1323
1324
1327
1328
1329
1330
1331
1331
1332
1333
1333
1335
1336
1337
1337
1337
1340
1340
1343
1343
1344
1344
1345
1345
1350
1351
1351
1352
1353
1353
1356
1357
1360
1361
1361
1363
1365
1366
1367
1372
1373
1373
1373
1374
1375
1375
1375
1376
1377
1377
1379
1380
1381
1383
1383
1386
1386
1388
1389
1390
1390
1391
1392
1393
1394
1396
1397
1397
1398
1398
1398
1402
1403
1403
1404
1404
1406
1407
1407
1408
1408
1409
1410
1410
1411
1411
1413
1414
1414
1414
1416
1417
1418
1418
1420
1420
1425
1425
1425
1425
1426
1426
1426
1428
1431
1432
1432
1434
1434
1442
1442
1443
1443
1444
1446
1447
1450
1450
1450
1450
1451
1454
1456
1456
1456
1459
1459
1460
1460
1461
1461
1462
1463
1463
1465
1465
1465
1466
1467
1467
1467
1468
1469
1470
1471
1471
1472
1474
1475
1478
1478
1478
1479
1480
1483
1485
1486
1487
1488
1489
1489
1490
1490
1491
1492
1492
1493
1493
1494
1494
1494
1496
1498
1499
1499
1500
1501
1501
1502
1503
1503
1504
1505
1505
1507
1508
1508
1511
1515
1516
1518
1519
1519
1519
1521
1522
1522
1523
1523
1523
1526
1527
1527
1527
1528
1529
1530
1530
1531
1534
1541
1542
1542
1542
1544
1545
1545
1546
1551
1551
1552
1553
1553
1554
1557
1558
1559
1559
1559
1563
1565
1569
1571
1572
1572
1572
1574
1575
1577
1578
1582
1583
1586
1587
1587
1587
1588
1589
1589
1591
1593
1593
1593
1594
1594
1595
1595
1596
1596
1596
1598
1598
1599
1600
1602
1603
1604
1605
1606
1606
1607
1608
1609
1609
1612
1612
1616
1618
1618
1619
1621
1622
1622
1623
1623
1624
1627
1628
1629
1629
1631
1632
1632
1633
1633
1634
1634
1637
1638
1638
1639
1639
1640
1641
1641
1641
1642
1643
1643
1645
1647
1648
1649
1650
1651
1652
1652
1652
1653
1654
1656
1657
1659
1662
1662
1662
1663
1665
1666
1666
1667
1667
1667
1668
1669
1670
1671
1675
1676
1677
1677
1678
1678
1681
1682
1682
1683
1684
1684
1685
1687
1688
1689
1691
1692
1693
1693
1694
1694
1696
1697
1697
1698
1700
1701
1703
1705
1705
1707
1709
1709
1710
1710
1712
1712
1714
1714
1715
1718
1718
1718
1719
1720
1721
1722
1723
1723
1724
1724
1725
1726
1726
1727
1728
1730
1733
1733
1734
1737
1738
1738
1738
1740
1743
1743
1743
1743
1743
1744
1744
1745
1746
1746
1747
1749
1750
1750
1752
1753
1753
1755
1755
1756
1757
1757
1759
1761
1761
1763
1763
1764
1767
1769
1769
1770
1770
1770
1771
1773
1773
1774
1774
1774
1774
1777
1778
1778
1779
1779
1779
1784
1784
1784
1785
1787
1788
1788
1790
1792
1792
1792
1792
1792
1793
1795
1797
1797
1798
1800
1803
1803
1804
1806
1806
1807
1808
1808
1809
1810
1812
1812
1812
1812
1813
1813
1816
1817
1818
1818
1820
1821
1821
1823
1823
1825
1825
1826
1828
1830
1832
1832
1833
1833
1833
1834
1835
1835
1835
1837
1837
1839
1840
1841
1842
1844
1844
1845
1846
1846
1849
1850
1853
1855
1855
1856
1857
1857
1858
1858
1860
1860
1861
1862
1862
1862
1865
1867
1867
1868
1868
1868
1870
1871
1872
1872
1874
1877
1877
1879
1880
1881
1883
1886
1888
1888
1889
1889
1889
1890
1890
1890
1891
1891
1895
1897
1897
1897
1899
1899
1900
1902
1903
1905
1906
1906
1907
1910
1911
1912
1913
1915
1915
1915
1915
1916
1916
1917
1918
1919
1919
1922
1924
1924
1924
1924
1925
1925
1926
1929
1929
1930
1931
1931
1932
1932
1934
1935
1936
1936
1937
1937
1937
1938
1940
1944
1946
1946
1946
1948
1948
1951
1952
1954
1957
1958
1959
1960
1960
1961
1962
1962
1964
1964
1965
1966
1966
1966
1968
1968
1969
1970
1972
1972
1972
1973
1975
1976
1978
1979
1981
1981
1985
1986
1986
1987
1988
1989
1990
1991
1993
1994
1997
1997
1997
1998
1998
1999
2000
2000
2002
2003
2004
2005
2007
2009
2013
2016
2016
2016
2016
2017
2017
2019
2019
2019
2022
2026
2028
2030
2032
2033
2037
2038
2038
2039
2039
2040
2041
2042
2043
2043
2044
2045
2046
2048
2049
2050
2050
2052
2054
2055
2056
2056
2057
2059
2059
2061
2062
2063
2063
2064
2064
2064
2064
2065
2066
2068
2068
2070
2072
2073
2074
2077
2078
2079
2079
2082
2083
2085
2085
2085
2087
2089
2089
2090
2090
2091
2092
2096
2096
2096
2097
2097
2099
2099
2103
2104
2105
2105
2106
2106
2107
2108
2109
2110
2110
2110
2111
2112
2112
2113
2113
2115
2115
2117
2117
2117
2117
2120
2120
2122
2123
2123
2123
2124
2124
2126
2126
2126
2126
2129
2130
2130
2134
2136
2137
2137
2137
2137
2138
2139
2140
2140
2144
2144
2145
2146
2147
2147
2147
2149
2149
2150
2150
2151
2151
2155
2155
2155
2155
2156
2160
2161
2162
2165
2166
2166
2167
2168
2169
2170
2170
2171
2172
2174
2174
2175
2175
2176
2177
2178
2179
2181
2183
2186
2186
2186
2186
2186
2187
2188
2188
2189
2190
2190
2193
2194
2195
2195
2195
2196
2200
2200
2201
2202
2203
2203
2204
2204
2205
2205
2205
2206
2206
2209
2209
2210
2210
2211
2212
2215
2216
2217
2218
2218
2219
2220
2220
2220
2221
2223
2224
2225
2226
2226
2227
2229
2231
2232
2233
2234
2235
2235
2235
2235
2237
2239
2240
2240
2240
2243
2247
2247
2247
2247
2249
2249
2250
2254
2255
2256
2256
2257
2257
2257
2258
2259
2259
2259
2260
2262
2262
2263
2264
2265
2266
2266
2267
2270
2270
2273
2274
2275
2276
2276
2277
2278
2279
2279
2279
2284
2288
2288
2289
2290
2291
2292
2294
2294
2295
2296
2297
2298
2298
2299
2299
2300
2302
2303
2308
2309
2309
2311
2311
2312
2313
2313
2314
2315
2315
2316
2317
2317
2318
2322
2322
2323
2323
2325
2328
2328
2329
2329
2332
2333
2333
2334
2334
2335
2337
2339
2339
2340
2340
2340
2341
2341
2341
2342
2342
2342
2343
2343
2343
2349
2350
2351
2351
2351
2351
2352
2353
2354
2359
2362
2363
2364
2364
2365
2365
2366
2366
2366
2366
2366
2368
2369
2370
2370
2371
2371
2372
2372
2372
2373
2374
2376
2377
2377
2378
2378
2381
2382
2382
2382
2382
2383
2383
2386
2387
2388
2389
2390
2390
2391
2392
2392
2393
2398
2398
2403
2403
2403
2403
2404
2404
2405
2407
2407
2408
2408
2408
2409
2409
2410
2414
2415
2416
2416
2416
2420
2422
2422
2423
2423
2423
2425
2425
2426
2427
2428
2428
2430
2432
2432
2432
2434
2435
2437
2438
2439
2441
2444
2444
2445
2446
2446
2446
2449
2449
2450
2451
2453
2453
2453
2453
2456
2456
2456
2457
2457
2457
2457
2459
2460
2460
2460
2461
2462
2463
2464
2465
2466
2469
2469
2470
2471
2473
2473
2473
2475
2475
2476
2477
2479
2482
2482
2483
2484
2484
2486
2488
2488
2489
2489
2491
2491
2492
2492
2492
2494
2497
2497
2498
2498
2501
2502
2502
2502
2503
2503
2504
2504
2504
2505
2506
2506
2507
2508
2508
2509
2509
2510
2512
2514
2515
2515
2517
2518
2519
2519
2519
2519
2519
2520
2520
2521
2521
2524
2524
2526
2526
2528
2528
2528
2529
2531
2532
2532
2533
2534
2535
2536
2539
2539
2540
2541
2547
2553
2553
2554
2555
2556
2556
2560
2561
2562
2564
2564
2566
2568
2568
2569
2570
2570
2575
2577
2578
2578
2579
2581
2581
2583
2584
2584
2585
2586
2586
2586
2587
2588
2589
2589
2590
2591
2592
2594
2595
2595
2595
2596
2596
2598
2599
2601
2602
2603
2603
2603
2604
2604
2607
2609
2609
2610
2613
2613
2614
2614
2615
2615
2615
2617
2618
2619
2619
2619
2619
2620
2622
2623
2624
2624
2625
2626
2626
2628
2630
2631
2631
2632
2633
2633
2633
2634
2634
2634
2635
2636
2636
2638
2638
2639
2639
2642
2642
2643
2644
2644
2645
2647
2649
2651
2651
2652
2652
2652
2653
2654
2655
2655
2655
2657
2658
2659
2659
2662
2662
2663
2663
2665
2665
2665
2665
2671
2672
2673
2673
2676
2676
2676
2677
2678
2678
2679
2680
2680
2682
2684
2685
2685
2687
2687
2687
2688
2688
2694
2694
2695
2695
2695
2696
2696
2698
2698
2699
2699
2701
2701
2702
2705
2705
2706
2707
2707
2709
2710
2711
2712
2712
2713
2713
2716
2717
2718
2722
2723
2723
2724
2726
2726
2726
2726
2728
2729
2730
2733
2734
2736
2738
2739
2741
2743
2744
2745
2745
2745
2746
2748
2748
2750
2752
2755
2760
2762
2763
2763
2764
2765
2765
2766
2768
2769
2769
2771
2774
2774
2774
2776
2777
2778
2778
2779
2780
2781
2786
2787
2788
2789
2790
2791
2792
2792
2794
2795
2795
2795
2803
2805
2805
2806
2808
2810
2810
2812
2812
2815
2816
2816
2819
2819
2820
2823
2824
2825
2825
2826
2827
2828
2830
2830
2832
2832
2832
2833
2833
2835
2836
2837
2839
2841
2841
2841
2842
2842
2844
2845
2845
2847
2848
2848
2850
2850
2850
2850
2851
2852
2853
2853
2853
2854
2856
2858
2860
2860
2860
2860
2860
2861
2862
2862
2862
2863
2865
2868
2870
2873
2874
2876
2877
2877
2880
2881
2882
2882
2883
2883
2884
2886
2886
2886
2887
2887
2888
2890
2890
2893
2894
2895
2895
2896
2897
2898
2898
2900
2900
2901
2903
2906
2907
2907
2907
2910
2911
2913
2913
2915
2917
2918
2919
2919
2919
2920
2921
2921
2922
2923
2926
2927
2929
2929
2932
2933
2933
2933
2935
2936
2936
2938
2938
2938
2939
2939
2940
2945
2946
2947
2949
2950
2951
2951
2952
2954
2960
2961
2961
2962
2963
2963
2963
2964
2966
2967
2968
2969
2972
2973
2973
2975
2975
2976
2978
2979
2979
2980
2980
2980
2981
2982
2983
2986
2988
2989
2992
2992
2993
2993
2995
2996
3000
3002
3004
3004
3005
3005
3008
3009
3009
3009
3010
3011
3013
3013
3015
3015
3015
3015
3017
3017
3020
3021
3022
3023
3023
3024
3025
3026
3026
3026
3026
3028
3028
3031
3034
3034
3036
3036
3037
3037
3039
3039
3040
3041
3042
3043
3044
3044
3045
3045
3045
3046
3046
3050
3050
3053
3053
3054
3055
3056
3057
3058
3059
3060
3061
3063
3064
3064
3065
3065
3065
3065
3066
3067
3067
3068
3068
3069
3069
3070
3070
3071
3072
3073
3073
3074
3075
3077
3077
3077
3077
3078
3080
3082
3083
3083
3084
3084
3085
3085
3086
3086
3088
3089
3090
3090
3092
3096
3097
3098
3101
3104
3105
3105
3106
3110
3110
3112
3112
3113
3117
3118
3118
3120
3121
3123
3123
3124
3125
3129
3129
3129
3130
3130
3131
3134
3134
3136
3137
3140
3141
3142
3142
3142
3143
3143
3147
3148
3148
3148
3149
3151
3151
3151
3152
3152
3152
3152
3155
3155
3156
3156
3158
3159
3159
3163
3163
3165
3167
3169
3172
3173
3174
3174
3174
3174
3175
3175
3177
3180
3183
3185
3186
3186
3187
3187
3189
3190
3191
3193
3193
3196
3197
3197
3198
3199
3200
3201
3201
3202
3204
3204
3205
3205
3207
3209
3210
3210
3212
3214
3214
3215
3217
3219
3220
3221
3222
3222
3222
3223
3225
3227
3228
3228
3228
3230
3231
3234
3235
3237
3237
3240
3242
3242
3243
3244
3244
3247
3247
3250
3251
3251
3252
3252
3252
3253
3254
3254
3255
3255
3256
3259
3260
3261
3262
3265
3265
3266
3268
3272
3275
3278
3279
3280
3280
3282
3282
3283
3283
3284
3284
3284
3285
3285
3285
3285
3288
3289
3289
3292
3292
3293
3293
3293
3293
3294
3295
3297
3297
3298
3299
3301
3301
3303
3303
3304
3305
3306
3307
3307
3307
3307
3308
3311
3311
3311
3315
3316
3317
3318
3318
3318
3319
3320
3320
3320
3321
3321
3321
3321
3322
3322
3323
3324
3325
3327
3328
3335
3335
3336
3336
3337
3341
3343
3343
3344
3345
3346
3347
3350
3352
3352
3352
3353
3353
3357
3357
3358
3358
3359
3359
3360
3360
3361
3367
3369
3369
3370
3371
3371
3374
3374
3376
3376
3378
3379
3383
3384
3384
3384
3385
3386
3389
3389
3390
3391
3394
3396
3398
3398
3399
3400
3400
3401
3402
3402
3402
3403
3404
3405
3406
3408
3412
3412
3413
3413
3414
3415
3415
3416
3416
3417
3417
3417
3422
3423
3424
3424
3427
3430
3430
3431
3432
3434
3434
3435
3438
3439
3439
3440
3443
3445
3446
3447
3447
3449
3450
3450
3452
3452
3452
3452
3452
3453
3453
3453
3453
3454
3454
3455
3455
3457
3459
3461
3463
3465
3466
3466
3467
3467
3469
3470
3471
3471
3471
3471
3472
3472
3474
3475
3476
3478
3478
3479
3479
3482
3483
3483
3484
3485
3485
3485
3491
3493
3493
3493
3494
3494
3494
3494
3495
3496
3497
3497
3497
3499
3506
3507
3507
3508
3510
3511
3515
3516
3517
3517
3520
3520
3523
3524
3524
3526
3526
3526
3526
3528
3529
3529
3531
3533
3533
3533
3533
3536
3538
3538
3539
3541
3541
3542
3543
3543
3544
3545
3548
3550
3550
3551
3551
3554
3554
3555
3556
3556
3556
3557
3557
3558
3559
3560
3563
3563
3564
3564
3566
3568
3569
3569
3569
3570
3570
3570
3573
3575
3575
3576
3576
3577
3579
3579
3581
3581
3582
3582
3582
3582
3582
3583
3583
3585
3586
3587
3588
3588
3588
3591
3593
3593
3593
3594
3595
3595
3597
3597
3597
3597
3598
3599
3600
3601
3602
3604
3605
3606
3609
3610
3611
3612
3615
3615
3616
3617
3619
3622
3622
3622
3622
3623
3624
3625
3627
3627
3628
3629
3629
3629
3630
3630
3631
3633
3636
3637
3638
3639
3641
3642
3642
3644
3646
3646
3647
3647
3649
3650
3652
3653
3656
3656
3657
3657
3657
3658
3659
3660
3661
3662
3664
3666
3667
3667
3667
3667
3669
3669
3670
3670
3671
3671
3671
3672
3672
3672
3673
3673
3673
3674
3676
3676
3676
3676
3677
3677
3678
3678
3679
3681
3681
3681
3683
3683
3683
3684
3684
3686
3687
3690
3692
3693
3694
3698
3699
3699
3699
3701
3702
3703
3704
3705
3708
3708
3708
3711
3714
3719
3719
3722
3723
3723
3724
3724
3724
3725
3726
3727
3727
3727
3728
3729
3731
3736
3736
3738
3739
3739
3739
3739
3740
3742
3742
3743
3743
3744
3744
3745
3746
3747
3748
3749
3750
3750
3752
3754
3754
3754
3754
3755
3756
3756
3757
3758
3760
3761
3761
3762
3767
3768
3769
3769
3770
3771
3771
3771
3771
3773
3773
3773
3776
3776
3777
3778
3778
3779
3780
3780
3781
3784
3784
3786
3787
3789
3789
3792
3793
3794
3795
3795
3796
3796
3799
3799
3802
3802
3803
3803
3805
3806
3806
3806
3806
3808
3810
3811
3813
3814
3817
3818
3819
3820
3821
3823
3823
3824
3824
3825
3828
3828
3829
3830
3830
3836
3837
3838
3839
3841
3841
3841
3842
3844
3844
3845
3848
3850
3850
3852
3853
3855
3855
3855
3856
3858
3860
3861
3863
3865
3865
3867
3871
3872
3873
3873
3873
3875
3875
3877
3880
3880
3881
3884
3884
3885
3886
3887
3887
3888
3889
3889
3891
3891
3892
3892
3895
3898
3899
3901
3902
3904
3905
3905
3906
3906
3907
3909
3910
3911
3912
3913
3913
3917
3918
3919
3921
3922
3922
3924
3924
3924
3925
3926
3926
3928
3928
3928
3928
3929
3930
3930
3930
3930
3932
3932
3933
3934
3934
3938
3939
3940
3940
3941
3941
3941
3942
3945
3945
3945
3945
3945
3946
3947
3948
3949
3950
3950
3953
3954
3954
3954
3957
3958
3962
3964
3965
3965
3966
3966
3967
3968
3969
3969
3969
3970
3970
3970
3972
3974
3976
3977
3977
3977
3977
3978
3979
3980
3982
3984
3984
3985
3986
3989
3989
3989
3991
3992
3993
3994
3994
3994
3995
3996
3996
3997
3997
3998
4000
4000
4000
4002
4008
4009
4010
4010
4014
4015
4016
4016
4016
4017
4019
4020
4020
4022
4023
4025
4026
4027
4027
4027
4029
4030
4030
4031
4031
4032
4033
4033
4035
4036
4036
4038
4040
4043
4043
4045
4045
4045
4046
4047
4047
4050
4051
4051
4052
4053
4055
4056
4056
4057
4057
4062
4064
4065
4067
4068
4070
4071
4071
4072
4072
4073
4075
4076
4076
4078
4079
4080
4080
4080
4083
4083
4084
4084
4085
4085
4085
4087
4089
4091
4095
4095
4095
4096
4099
4099
4099
4100
4100
4101
4102
4103
4104
4106
4106
4106
4106
4106
4107
4109
4111
4113
4113
4114
4114
4115
4116
4117
4117
4118
4118
4118
4118
4118
4119
4121
4122
4124
4124
4125
4128
4129
4130
4133
4134
4134
4137
4138
4138
4140
4141
4142
4142
4144
4144
4145
4145
4146
4148
4149
4150
4150
4150
4151
4151
4153
4154
4154
4155
4157
4157
4158
4159
4160
4161
4164
4165
4167
4168
4168
4168
4169
4170
4171
4171
4172
4174
4174
4174
4174
4180
4181
4182
4182
4182
4186
4186
4186
4187
4187
4188
4188
4189
4189
4191
4192
4192
4192
4194
4194
4196
4196
4198
4199
4200
4200
4201
4202
4203
4206
4208
4210
4211
4212
4212
4213
4214
4215
4215
4215
4215
4216
4217
4221
4221
4222
4223
4223
4224
4225
4226
4228
4233
4233
4233
4233
4233
4235
4235
4236
4237
4239
4240
4240
4241
4241
4242
4243
4243
4244
4246
4247
4247
4250
4250
4252
4252
4252
4253
4253
4253
4254
4254
4255
4257
4257
4257
4258
4258
4261
4261
4261
4262
4262
4263
4265
4266
4266
4266
4267
4267
4267
4268
4268
4270
4270
4270
4271
4271
4271
4273
4273
4273
4275
4276
4280
4281
4283
4284
4285
4287
4287
4287
4288
4290
4290
4290
4291
4294
4295
4297
4304
4305
4306
4307
4310
4310
4310
4311
4311
4312
4313
4313
4317
4322
4322
4323
4324
4325
4325
4326
4326
4327
4330
4331
4331
4332
4332
4332
4332
4335
4336
4336
4341
4341
4342
4344
4344
4345
4346
4346
4347
4349
4349
4350
4350
4351
4351
4353
4353
4354
4354
4358
4358
4359
4360
4360
4361
4362
4363
4363
4367
4367
4368
4368
4369
4369
4371
4372
4373
4373
4374
4374
4376
4376
4377
4379
4379
4381
4381
4383
4384
4385
4387
4388
4389
4390
4392
4394
4395
4397
4398
4398
4399
4399
4400
4402
4402
4403
4403
4404
4405
4406
4407
4407
4408
4409
4409
4409
4409
4410
4410
4412
4412
4412
4412
4412
4416
4416
4418
4419
4420
4420
4420
4422
4422
4422
4423
4423
4424
4424
4427
4428
4429
4429
4431
4431
4433
4433
4436
4437
4440
4440
4443
4446
4446
4447
4448
4448
4449
4449
4452
4452
4453
4454
4454
4455
4456
4456
4456
4457
4457
4458
4459
4460
4462
4462
4463
4463
4464
4466
4468
4469
4469
4470
4470
4473
4474
4475
4478
4479
4480
4480
4481
4483
4483
4483
4484
4485
4485
4488
4488
4490
4490
4491
4491
4492
4494
4495
4496
4496
4497
4498
4501
4504
4506
4506
4507
4507
4509
4510
4511
4512
4512
4512
4512
4512
4513
4514
4516
4516
4516
4517
4518
4524
4525
4527
4529
4531
4533
4535
4537
4537
4540
4541
4541
4542
4543
4544
4545
4549
4552
4553
4555
4556
4557
4559
4560
4560
4562
4562
4566
4567
4570
4570
4571
4571
4572
4572
4572
4573
4573
4578
4578
4578
4582
4585
4586
4588
4588
4589
4589
4590
4590
4590
4593
4596
4597
4597
4599
4599
4600
4600
4602
4603
4603
4604
4604
4605
4605
4605
4605
4606
4606
4607
4608
4609
4609
4610
4611
4612
4614
4614
4616
4617
4617
4617
4621
4622
4622
4624
4624
4625
4625
4625
4626
4630
4630
4632
4632
4633
4636
4638
4638
4638
4639
4641
4641
4642
4642
4644
4647
4650
4651
4651
4651
4652
4652
4653
4653
4653
4653
4654
4655
4656
4657
4658
4659
4659
4660
4663
4663
4664
4664
4664
4667
4667
4668
4669
4669
4671
4672
4672
4673
4673
4675
4676
4676
4678
4678
4679
4680
4681
4683
4683
4683
4684
4685
4688
4688
4688
4690
4690
4690
4691
4691
4692
4693
4694
4694
4695
4697
4697
4699
4700
4704
4704
4705
4705
4705
4707
4707
4708
4708
4709
4709
4711
4711
4712
4713
4714
4715
4716
4716
4717
4719
4719
4721
4721
4722
4722
4722
4723
4724
4725
4725
4725
4726
4728
4729
4730
4731
4732
4735
4736
4737
4739
4741
4741
4742
4743
4743
4744
4745
4746
4747
4748
4748
4748
4750
4751
4751
4752
4753
4753
4754
4755
4758
4758
4758
4760
4760
4761
4762
4764
4764
4765
4767
4769
4769
4772
4772
4772
4773
4773
4773
4773
4775
4776
4776
4777
4779
4779
4782
4782
4782
4784
4785
4785
4788
4791
4791
4792
4796
4799
4800
4801
4801
4801
4801
4802
4803
4803
4804
4805
4805
4807
4808
4809
4809
4810
4810
4811
4813
4816
4818
4822
4823
4826
4826
4828
4828
4828
4829
4832
4833
4834
4834
4835
4836
4838
4838
4838
4840
4841
4842
4844
4846
4847
4848
4848
4848
4848
4849
4849
4851
4851
4853
4854
4855
4857
4857
4857
4858
4858
4859
4859
4859
4860
4860
4862
4863
4864
4865
4865
4866
4866
4866
4867
4867
4868
4870
4870
4871
4871
4871
4873
4877
4877
4877
4879
4880
4881
4882
4882
4884
4885
4888
4889
4891
4893
4895
4896
4899
4899
4899
4900
4900
4903
4904
4904
4906
4907
4909
4911
4912
4913
4914
4915
4916
4916
4916
4916
4917
4919
4919
4920
4920
4924
4925
4928
4929
4930
4931
4932
4933
4934
4934
4934
4934
4935
4937
4938
4938
4942
4943
4943
4944
4944
4950
4951
4954
4955
4956
4957
4959
4960
4960
4961
4961
4961
4962
4963
4965
4966
4968
4969
4969
4971
4971
4972
4973
4978
4980
4980
4981
4981
4981
4983
4984
4984
4984
4984
4985
4985
4985
4985
4986
4987
4990
4991
4991
4991
4992
4993
4994
4996
4996
4996
5000
5002
5003
5004
5005
5006
5007
5011
5011
5013
5013
5017
5018
5019
5020
5020
5022
5022
5025
5026
5027
5028
5029
5030
5030
5032
5032
5035
5036
5037
5038
5038
5038
5038
5041
5042
5046
5047
5048
5048
5048
5053
5053
5053
5055
5056
5056
5058
5059
5060
5061
5063
5064
5065
5066
5067
5069
5069
5069
5069
5070
5070
5071
5071
5074
5074
5075
5075
5076
5077
5078
5078
5079
5082
5082
5082
5083
5083
5084
5084
5085
5085
5085
5086
5086
5087
5087
5087
5089
5089
5091
5091
5093
5094
5094
5095
5098
5098
5098
5100
5101
5101
5101
5103
5103
5104
5104
5106
5106
5109
5109
5112
5114
5116
5116
5117
5118
5120
5121
5123
5124
5125
5125
5126
5127
5127
5128
5129
5130
5131
5131
5131
5131
5134
5134
5134
5135
5138
5140
5141
5141
5142
5143
5144
5145
5146
5146
5147
5147
5149
5150
5151
5152
5153
5153
5153
5156
5156
5156
5157
5157
5157
5158
5159
5161
5163
5163
5164
5164
5164
5164
5164
5164
5166
5168
5170
5172
5174
5175
5176
5176
5177
5177
5178
5179
5179
5179
5180
5181
5182
5184
5184
5184
5186
5187
5187
5188
5188
5189
5189
5189
5190
5190
5191
5192
5193
5193
5193
5194
5195
5196
5199
5199
5201
5202
5203
5203
5204
5204
5206
5207
5207
5208
5209
5209
5210
5212
5213
5215
5217
5217
5219
5219
5220
5221
5221
5221
5222
5223
5224
5225
5228
5228
5230
5230
5231
5232
5234
5235
5235
5236
5236
5238
5238
5238
5239
5239
5242
5243
5243
5244
5244
5244
5244
5245
5245
5246
5246
5248
5249
5249
5252
5252
5253
5254
5257
5260
5261
5262
5262
5265
5265
5265
5265
5267
5270
5272
5272
5274
5275
5277
5277
5280
5280
5283
5283
5284
5284
5285
5286
5286
5287
5288
5289
5289
5292
5293
5294
5294
5299
5300
5302
5303
5305
5306
5306
5308
5308
5314
5315
5316
5318
5320
5321
5322
5323
5323
5323
5324
5325
5326
5328
5328
5329
5330
5330
5330
5331
5332
5333
5333
5333
5335
5337
5337
5338
5341
5342
5345
5346
5351
5352
5352
5353
5355
5355
5355
5356
5356
5358
5358
5358
5360
5361
5363
5363
5363
5366
5366
5367
5369
5370
5371
5372
5372
5372
5372
5373
5373
5374
5374
5374
5374
5375
5376
5377
5378
5380
5383
5384
5386
5387
5387
5388
5390
5391
5392
5394
5394
5396
5396
5396
5399
5400
5400
5401
5403
5403
5404
5406
5406
5408
5409
5409
5411
5412
5413
5413
5414
5414
5416
5416
5417
5418
5419
5420
5420
5421
5422
5422
5422
5423
5423
5423
5427
5430
5431
5431
5432
5434
5435
5435
5436
5436
5436
5437
5439
5441
5441
5441
5441
5444
5445
5446
5448
5448
5448
5448
5449
5449
5450
5452
5454
5455
5455
5455
5460
5462
5462
5462
5463
5463
5464
5465
5466
5466
5468
5470
5470
5471
5474
5475
5475
5475
5477
5477
5478
5478
5481
5482
5483
5483
5483
5484
5485
5496
5497
5497
5499
5503
5506
5506
5510
5510
5511
5513
5513
5514
5514
5514
5515
5516
5516
5516
5516
5517
5521
5521
5521
5522
5523
5523
5524
5524
5524
5525
5527
5531
5532
5534
5536
5537
5537
5537
5539
5540
5541
5542
5543
5544
5549
5549
5549
5550
5551
5551
5552
5553
5554
5554
5554
5554
5555
5556
5557
5561
5563
5566
5567
5569
5569
5570
5570
5571
5573
5573
5573
5576
5576
5577
5578
5579
5580
5582
5582
5583
5584
5585
5587
5588
5588
5589
5590
5591
5592
5593
5594
5595
5595
5598
5598
5599
5599
5600
5601
5602
5604
5605
5605
5605
5608
5608
5609
5613
5613
5615
5617
5620
5620
5621
5621
5621
5621
5621
5622
5622
5622
5624
5624
5624
5626
5627
5633
5633
5637
5638
5640
5642
5643
5643
5644
5645
5645
5646
5646
5647
5648
5649
5650
5651
5651
5651
5651
5652
5652
5653
5654
5655
5655
5657
5657
5657
5658
5659
5661
5662
5663
5664
5667
5669
5671
5671
5672
5673
5673
5673
5674
5674
5675
5676
5678
5678
5682
5685
5686
5686
5687
5687
5687
5690
5693
5695
5695
5695
5696
5697
5698
5699
5700
5701
5702
5703
5703
5704
5704
5705
5705
5705
5708
5709
5710
5711
5712
5714
5715
5715
5717
5717
5717
5718
5722
5723
5723
5725
5725
5727
5727
5727
5728
5729
5733
5736
5736
5737
5739
5740
5741
5741
5745
5745
5745
5747
5747
5747
5749
5749
5750
5751
5751
5751
5752
5752
5753
5753
5754
5754
5758
5760
5760
5762
5762
5763
5763
5764
5764
5765
5765
5765
5766
5768
5768
5768
5769
5771
5774
5776
5777
5777
5779
5781
5782
5782
5783
5784
5784
5788
5788
5789
5789
5790
5791
5792
5792
5793
5793
5795
5795
5796
5796
5798
5798
5799
5800
5801
5802
5803
5804
5804
5805
5806
5808
5810
5811
5812
5812
5813
5817
5817
5818
5818
5818
5822
5822
5828
5828
5829
5830
5830
5831
5831
5832
5833
5833
5836
5836
5836
5837
5837
5839
5841
5842
5842
5843
5844
5844
5845
5847
5849
5850
5851
5852
5852
5854
5855
5857
5857
5858
5860
5861
5864
5864
5865
5865
5865
5867
5867
5869
5869
5870
5872
5873
5873
5874
5875
5876
5877
5877
5878
5878
5879
5880
5880
5880
5882
5882
5884
5885
5886
5886
5887
5887
5888
5889
5889
5890
5890
5892
5892
5898
5901
5902
5902
5903
5903
5903
5903
5904
5905
5906
5906
5906
5909
5911
5911
5911
5912
5912
5913
5914
5919
5921
5921
5921
5922
5922
5922
5923
5923
5923
5924
5926
5926
5927
5927
5930
5932
5934
5934
5936
5937
5937
5939
5939
5941
5942
5942
5944
5944
5944
5945
5946
5947
5952
5952
5954
5955
5955
5955
5956
5956
5956
5958
5958
5958
5961
5962
5964
5965
5967
5967
5968
5968
5969
5969
5970
5970
5971
5972
5973
5975
5975
5976
5978
5978
5980
5980
5981
5982
5984
5987
5987
5989
5989
5989
5989
5993
5993
5994
5995
5995
5996
5998
6000
6000
6001
6002
6002
6002
6002
6002
6002
6002
6003
6004
6004
6005
6005
6005
6005
6005
6007
6008
6008
6009
6010
6011
6012
6012
6014
6014
6015
6016
6017
6018
6018
6018
6019
6019
6020
6020
6021
6021
6025
6027
6029
6030
6030
6031
6032
6032
6033
6034
6035
6036
6037
6040
6041
6041
6041
6042
6043
6044
6045
6046
6047
6047
6049
6050
6051
6052
6053
6054
6055
6055
6057
6058
6059
6059
6060
6060
6061
6061
6062
6063
6064
6066
6067
6068
6069
6070
6070
6071
6071
6072
6074
6075
6075
6076
6076
6077
6079
6079
6081
6081
6082
6083
6083
6085
6086
6090
6090
6090
6091
6093
6093
6094
6094
6098
6099
6101
6102
6102
6102
6102
6107
6109
6112
6114
6114
6116
6116
6117
6117
6117
6118
6118
6119
6121
6125
6126
6127
6127
6128
6128
6129
6130
6130
6131
6131
6132
6132
6132
6133
6133
6137
6138
6138
6141
6143
6144
6144
6146
6146
6147
6149
6149
6150
6150
6152
6153
6153
6156
6156
6157
6160
6161
6163
6165
6165
6166
6166
6166
6167
6167
6168
6168
6168
6171
6172
6172
6173
6174
6174
6175
6176
6176
6176
6177
6179
6179
6180
6181
6182
6183
6185
6185
6186
6186
6187
6188
6189
6189
6190
6192
6192
6192
6193
6194
6196
6198
6199
6202
6203
6206
6206
6206
6207
6208
6211
6211
6211
6212
6216
6217
6218
6219
6219
6220
6220
6220
6221
6221
6224
6226
6226
6226
6227
6229
6230
6230
6230
6232
6234
6234
6237
6238
6239
6240
6240
6241
6243
6243
6243
6244
6245
6247
6249
6249
6249
6249
6251
6252
6252
6252
6252
6253
6254
6255
6256
6256
6256
6257
6257
6259
6260
6260
6262
6263
6264
6266
6268
6268
6268
6271
6272
6272
6273
6273
6274
6274
6280
6281
6282
6283
6286
6286
6288
6290
6291
6292
6294
6295
6298
6299
6299
6299
6299
6300
6300
6301
6302
6303
6303
6304
6306
6306
6306
6309
6311
6311
6311
6311
6312
6312
6314
6315
6315
6315
6316
6317
6319
6320
6321
6321
6321
6322
6322
6323
6325
6325
6326
6327
6328
6329
6329
6330
6330
6333
6333
6334
6334
6335
6335
6336
6337
6338
6338
6338
6339
6340
6340
6340
6341
6343
6344
6346
6346
6347
6348
6348
6349
6350
6351
6352
6352
6353
6354
6354
6356
6359
6359
6360
6360
6360
6361
6363
6364
6364
6366
6366
6367
6368
6371
6371
6371
6372
6372
6372
6373
6373
6373
6374
6374
6375
6375
6377
6378
6379
6381
6381
6382
6382
6383
6384
6385
6386
6386
6387
6387
6388
6389
6389
6390
6391
6392
6392
6392
6394
6395
6395
6395
6396
6397
6399
6400
6401
6402
6403
6404
6404
6405
6406
6406
6406
6407
6411
6411
6411
6412
6412
6413
6414
6414
6415
6416
6416
6416
6417
6417
6419
6420
6421
6421
6422
6422
6423
6423
6424
6426
6430
6431
6432
6433
6433
6435
6436
6438
6441
6441
6442
6443
6444
6445
6447
6448
6450
6453
6456
6456
6457
6459
6459
6462
6462
6463
6464
6464
6464
6470
6470
6472
6473
6477
6479
6481
6481
6483
6483
6485
6488
6489
6489
6493
6493
6494
6495
6495
6499
6501
6502
6502
6504
6505
6505
6506
6506
6508
6508
6508
6509
6510
6511
6513
6513
6515
6517
6518
6518
6520
6520
6520
6521
6521
6522
6522
6525
6530
6530
6534
6534
6534
6535
6535
6535
6537
6538
6538
6538
6539
6540
6540
6542
6544
6544
6544
6546
6547
6550
6551
6552
6552
6553
6555
6555
6556
6558
6564
6566
6566
6569
6571
6572
6572
6573
6574
6575
6576
6576
6576
6578
6579
6579
6580
6581
6582
6583
6585
6585
6585
6586
6586
6587
6589
6591
6593
6593
6593
6593
6594
6595
6595
6596
6597
6598
6598
6599
6600
6600
6600
6602
6602
6602
6603
6604
6606
6606
6607
6607
6608
6609
6609
6610
6610
6610
6611
6611
6612
6613
6614
6615
6616
6616
6618
6619
6619
6619
6620
6620
6625
6626
6628
6628
6628
6629
6629
6629
6632
6632
6634
6635
6636
6641
6642
6642
6643
6643
6645
6645
6646
6646
6647
6647
6648
6650
6650
6651
6651
6652
6652
6653
6656
6656
6658
6659
6661
6662
6662
6662
6666
6666
6667
6669
6670
6670
6670
6670
6672
6673
6673
6675
6676
6677
6677
6678
6678
6678
6680
6680
6681
6684
6684
6685
6686
6687
6690
6690
6692
6693
6694
6696
6696
6696
6698
6700
6700
6700
6701
6702
6702
6703
6703
6706
6707
6709
6709
6710
6711
6713
6713
6714
6715
6716
6720
6720
6721
6723
6723
6723
6723
6725
6727
6728
6728
6729
6729
6729
6730
6735
6735
6735
6735
6736
6737
6737
6738
6740
6741
6742
6744
6745
6745
6745
6747
6748
6748
6750
6753
6755
6756
6756
6757
6760
6765
6765
6766
6766
6767
6771
6772
6774
6774
6775
6776
6776
6776
6779
6781
6782
6784
6784
6785
6785
6785
6786
6788
6789
6790
6794
6795
6796
6797
6797
6798
6799
6801
6802
6803
6803
6803
6804
6806
6806
6807
6808
6808
6809
6809
6809
6810
6812
6813
6815
6815
6815
6817
6819
6820
6823
6824
6825
6827
6829
6830
6831
6831
6832
6833
6834
6835
6835
6835
6835
6836
6837
6837
6838
6839
6841
6841
6842
6843
6845
6847
6847
6848
6848
6850
6851
6851
6852
6852
6853
6853
6853
6854
6854
6854
6854
6855
6856
6857
6857
6857
6858
6858
6859
6860
6860
6860
6860
6860
6862
6862
6862
6863
6865
6866
6866
6867
6867
6870
6870
6871
6873
6874
6874
6875
6877
6877
6878
6879
6880
6883
6886
6890
6890
6892
6892
6894
6895
6895
6896
6897
6898
6899
6900
6905
6905
6906
6906
6907
6907
6908
6909
6914
6914
6914
6916
6916
6916
6917
6918
6918
6919
6920
6920
6921
6922
6922
6923
6925
6925
6927
6927
6929
6930
6931
6934
6934
6935
6936
6937
6938
6939
6939
6939
6939
6939
6941
6941
6941
6941
6942
6944
6946
6946
6947
6948
6949
6949
6950
6950
6951
6953
6954
6955
6955
6959
6959
6959
6960
6961
6961
6962
6963
6963
6964
6965
6966
6967
6968
6969
6970
6970
6970
6972
6972
6973
6974
6974
6975
6975
6977
6978
6979
6979
6980
6980
6981
6981
6982
6983
6983
6984
6984
6984
6985
6987
6988
6991
6993
6994
6995
6995
6995
6998
6998
6999
6999
6999
6999
7000
7001
7002
7002
7005
7005
7008
7008
7009
7010
7011
7011
7011
7011
7011
7012
7012
7013
7014
7017
7020
7021
7021
7022
7023
7024
7025
7025
7025
7026
7027
7028
7028
7030
7031
7031
7032
7032
7033
7033
7033
7034
7034
7037
7037
7038
7038
7039
7041
7042
7044
7044
7044
7044
7046
7047
7048
7049
7050
7055
7055
7056
7056
7060
7060
7060
7061
7065
7065
7065
7066
7067
7068
7074
7074
7075
7075
7075
7076
7076
7078
7079
7080
7080
7081
7082
7083
7084
7085
7085
7088
7088
7089
7091
7092
7093
7094
7096
7096
7096
7096
7098
7098
7101
7102
7105
7106
7106
7107
7110
7112
7112
7116
7116
7117
7118
7120
7120
7121
7122
7123
7125
7126
7126
7127
7128
7130
7133
7134
7134
7137
7139
7139
7141
7143
7143
7143
7144
7144
7145
7145
7147
7148
7148
7148
7150
7151
7152
7152
7153
7154
7154
7155
7155
7155
7155
7155
7156
7158
7162
7163
7164
7165
7169
7170
7171
7172
7174
7174
7174
7175
7175
7175
7176
7177
7179
7179
7180
7181
7181
7182
7183
7185
7185
7185
7186
7187
7187
7187
7189
7189
7190
7191
7193
7193
7196
7196
7197
7200
7201
7201
7201
7203
7203
7204
7205
7205
7206
7206
7208
7208
7208
7209
7210
7212
7215
7216
7217
7218
7218
7219
7219
7219
7220
7221
7221
7221
7223
7223
7223
7225
7226
7227
7228
7228
7229
7231
7231
7233
7233
7233
7233
7233
7234
7234
7236
7237
7237
7237
7238
7240
7242
7244
7244
7244
7246
7247
7248
7250
7250
7251
7255
7256
7256
7256
7258
7261
7261
7262
7262
7263
7263
7265
7265
7266
7270
7271
7271
7271
7272
7273
7276
7276
7279
7279
7280
7281
7282
7284
7287
7287
7289
7290
7290
7292
7295
7295
7296
7298
7300
7301
7303
7303
7303
7304
7307
7308
7310
7310
7312
7312
7313
7316
7316
7316
7318
7318
7318
7319
7319
7319
7320
7320
7322
7322
7322
7323
7325
7328
7332
7332
7333
7334
7335
7343
7347
7347
7348
7348
7349
7350
7350
7354
7356
7357
7357
7358
7358
7358
7358
7359
7359
7361
7363
7367
7368
7368
7368
7369
7372
7373
7374
7375
7381
7382
7384
7384
7385
7385
7387
7387
7390
7390
7390
7391
7392
7392
7393
7393
7394
7396
7397
7400
7402
7402
7402
7403
7403
7406
7407
7407
7412
7413
7416
7416
7417
7417
7418
7418
7420
7422
7424
7424
7426
7427
7428
7431
7431
7432
7432
7432
7432
7433
7433
7434
7435
7435
7435
7437
7437
7438
7438
7441
7442
7442
7444
7444
7445
7448
7449
7449
7451
7451
7452
7452
7453
7456
7456
7458
7458
7458
7461
7461
7461
7463
7463
7464
7465
7466
7471
7471
7472
7472
7474
7474
7475
7476
7477
7478
7478
7481
7483
7483
7483
7487
7488
7489
7491
7493
7494
7494
7495
7495
7498
7501
7501
7504
7504
7504
7511
7513
7516
7516
7516
7517
7518
7520
7520
7520
7521
7522
7522
7523
7525
7526
7526
7532
7532
7533
7535
7535
7535
7536
7540
7541
7541
7545
7548
7548
7554
7554
7554
7554
7554
7556
7557
7558
7561
7561
7562
7562
7565
7565
7568
7569
7572
7573
7574
7575
7575
7578
7579
7579
7581
7581
7582
7583
7583
7584
7585
7586
7586
7587
7590
7593
7594
7595
7595
7596
7599
7600
7600
7600
7603
7603
7605
7607
7608
7609
7610
7611
7611
7617
7619
7620
7622
7623
7623
7623
7625
7627
7628
7628
7629
7629
7632
7633
7633
7634
7634
7634
7634
7635
7635
7636
7636
7638
7639
7642
7645
7645
7646
7647
7648
7649
7649
7649
7650
7651
7653
7653
7655
7655
7655
7655
7656
7659
7662
7662
7664
7665
7665
7669
7671
7676
7676
7676
7677
7677
7677
7678
7679
7680
7681
7684
7684
7684
7685
7685
7687
7687
7688
7688
7690
7691
7691
7692
7692
7694
7694
7696
7696
7696
7699
7700
7701
7702
7703
7704
7704
7706
7707
7710
7711
7711
7711
7711
7713
7713
7713
7714
7715
7716
7717
7718
7719
7719
7720
7720
7721
7721
7721
7721
7722
7723
7724
7725
7725
7725
7726
7727
7727
7727
7729
7729
7729
7731
7731
7732
7733
7733
7733
7733
7734
7735
7735
7735
7736
7737
7737
7738
7739
7739
7739
7741
7742
7742
7744
7746
7748
7748
7748
7749
7750
7751
7752
7754
7754
7755
7759
7759
7759
7760
7761
7762
7763
7766
7767
7768
7768
7768
7771
7771
7773
7773
7774
7775
7777
7780
7782
7782
7783
7783
7783
7787
7787
7788
7788
7790
7791
7792
7795
7796
7797
7798
7802
7804
7805
7806
7806
7806
7808
7809
7812
7812
7813
7815
7815
7816
7816
7817
7817
7818
7818
7821
7822
7823
7823
7824
7826
7827
7828
7828
7830
7830
7830
7831
7831
7832
7834
7838
7842
7842
7843
7845
7845
7846
7846
7847
7847
7847
7848
7849
7849
7850
7853
7854
7857
7857
7858
7858
7860
7860
7862
7862
7862
7862
7864
7866
7867
7867
7867
7867
7868
7869
7869
7869
7870
7870
7870
7874
7875
7876
7877
7878
7878
7879
7879
7880
7883
7884
7885
7887
7888
7888
7888
7889
7889
7890
7890
7890
7891
7892
7895
7899
7902
7902
7902
7902
7903
7903
7906
7906
7906
7911
7911
7912
7912
7914
7915
7915
7915
7916
7917
7918
7919
7920
7922
7922
7924
7925
7926
7926
7926
7926
7927
7928
7928
7928
7930
7932
7933
7933
7933
7933
7937
7938
7938
7938
7942
7942
7944
7945
7949
7949
7951
7951
7953
7954
7957
7957
7958
7961
7961
7961
7964
7964
7966
7967
7967
7967
7969
7969
7969
7970
7970
7970
7971
7971
7973
7974
7976
7977
7977
7978
7979
7979
7982
7982
7984
7985
7986
7990
7991
7993
7997
7998
8000
8001
8001
8003
8004
8006
8007
8011
8011
8014
8016
8017
8018
8019
8019
8021
8024
8024
8025
8025
8027
8028
8028
8029
8030
8031
8031
8031
8033
8033
8036
8036
8036
8037
8037
8040
8044
8044
8047
8047
8047
8051
8052
8053
8054
8056
8057
8059
8059
8059
8059
8061
8064
8064
8066
8066
8068
8069
8069
8070
8071
8072
8072
8074
8074
8075
8076
8076
8077
8078
8079
8081
8082
8082
8083
8083
8083
8084
8086
8086
8086
8087
8087
8088
8090
8090
8090
8091
8092
8092
8093
8094
8094
8098
8099
8101
8102
8103
8104
8104
8106
8107
8107
8108
8108
8108
8109
8112
8112
8114
8115
8116
8117
8120
8123
8126
8128
8128
8128
8131
8132
8132
8134
8134
8134
8137
8137
8139
8139
8141
8142
8144
8144
8145
8145
8146
8147
8150
8150
8150
8150
8151
8151
8152
8153
8153
8153
8154
8156
8156
8156
8161
8161
8161
8161
8164
8165
8166
8167
8168
8168
8169
8172
8172
8173
8174
8174
8175
8175
8176
8176
8177
8179
8179
8179
8179
8180
8180
8181
8182
8184
8185
8185
8185
8187
8188
8189
8190
8190
8193
8195
8195
8196
8196
8197
8199
8200
8200
8201
8202
8202
8202
8202
8203
8206
8207
8207
8209
8209
8209
8210
8210
8211
8213
8214
8214
8214
8215
8215
8217
8218
8220
8222
8222
8222
8224
8227
8228
8228
8229
8230
8230
8233
8234
8235
8235
8235
8236
8236
8238
8239
8239
8239
8240
8240
8241
8242
8243
8243
8244
8245
8245
8247
8248
8248
8248
8249
8249
8252
8252
8256
8257
8260
8261
8262
8262
8263
8263
8263
8264
8265
8268
8272
8273
8273
8274
8276
8276
8277
8279
8279
8280
8281
8281
8281
8283
8289
8292
8292
8293
8294
8296
8297
8297
8298
8300
8301
8302
8305
8305
8307
8308
8310
8310
8311
8314
8315
8316
8316
8319
8319
8319
8320
8321
8322
8322
8323
8324
8324
8324
8324
8326
8326
8327
8327
8327
8328
8330
8331
8331
8332
8338
8339
8340
8340
8342
8343
8345
8346
8346
8347
8348
8349
8349
8351
8352
8354
8354
8355
8355
8358
8359
8360
8361
8362
8364
8365
8366
8366
8367
8368
8370
8372
8373
8373
8375
8376
8377
8377
8377
8378
8378
8378
8378
8379
8379
8380
8380
8380
8381
8381
8383
8384
8385
8387
8387
8389
8390
8391
8391
8392
8393
8393
8393
8393
8394
8398
8400
8402
8403
8403
8404
8405
8408
8408
8409
8410
8411
8412
8413
8413
8414
8414
8416
8418
8419
8420
8421
8422
8423
8424
8424
8425
8426
8427
8428
8429
8430
8432
8433
8434
8434
8435
8436
8437
8438
8439
8440
8441
8442
8442
8443
8444
8444
8444
8446
8450
8450
8451
8451
8454
8454
8455
8456
8458
8458
8458
8459
8459
8461
8461
8462
8463
8464
8464
8465
8466
8466
8466
8467
8467
8468
8472
8472
8474
8474
8474
8475
8475
8479
8479
8479
8480
8480
8482
8482
8483
8483
8483
8484
8484
8485
8485
8487
8490
8490
8491
8492
8492
8493
8493
8494
8495
8496
8496
8496
8498
8500
8501
8501
8502
8504
8505
8507
8507
8507
8507
8507
8508
8508
8510
8510
8510
8515
8516
8519
8519
8519
8521
8521
8521
8524
8525
8526
8526
8527
8528
8530
8532
8533
8536
8538
8541
8542
8543
8543
8543
8544
8544
8546
8547
8547
8548
8549
8549
8549
8550
8551
8551
8551
8552
8552
8553
8554
8555
8556
8556
8556
8556
8556
8557
8557
8557
8558
8562
8563
8563
8564
8565
8566
8567
8567
8571
8572
8573
8573
8573
8574
8575
8575
8576
8576
8577
8577
8578
8580
8580
8580
8580
8582
8586
8587
8590
8590
8591
8591
8593
8594
8595
8595
8595
8597
8598
8599
8600
8601
8604
8606
8606
8606
8606
8607
8608
8609
8611
8611
8612
8612
8613
8614
8614
8617
8617
8620
8620
8620
8621
8622
8623
8625
8625
8631
8632
8634
8636
8640
8642
8642
8644
8645
8646
8648
8648
8649
8651
8652
8653
8653
8655
8657
8659
8659
8660
8661
8663
8663
8663
8664
8666
8666
8666
8668
8670
8670
8671
8674
8674
8677
8677
8678
8678
8679
8679
8682
8686
8686
8686
8686
8687
8688
8688
8689
8689
8693
8694
8696
8697
8697
8698
8698
8698
8699
8701
8702
8704
8704
8706
8706
8706
8707
8708
8708
8709
8711
8711
8711
8712
8713
8714
8716
8720
8720
8720
8720
8722
8724
8724
8725
8726
8726
8727
8727
8728
8729
8729
8730
8730
8732
8732
8734
8737
8738
8740
8740
8741
8743
8743
8744
8744
8746
8746
8746
8746
8747
8753
8755
8756
8758
8760
8761
8761
8761
8762
8764
8765
8767
8767
8768
8769
8771
8772
8774
8776
8777
8777
8777
8778
8778
8779
8781
8784
8785
8787
8787
8789
8789
8790
8791
8791
8792
8793
8795
8795
8796
8796
8797
8797
8798
8798
8803
8805
8806
8806
8806
8806
8807
8808
8809
8809
8809
8809
8809
8810
8811
8812
8814
8815
8815
8816
8818
8819
8819
8820
8820
8821
8822
8822
8822
8823
8825
8826
8826
8827
8827
8827
8827
8828
8828
8829
8831
8831
8832
8835
8835
8835
8836
8836
8837
8839
8839
8839
8843
8844
8845
8847
8847
8849
8851
8852
8853
8853
8854
8855
8855
8856
8856
8856
8856
8857
8858
8860
8862
8862
8863
8864
8865
8865
8866
8869
8869
8870
8870
8870
8872
8873
8874
8874
8876
8876
8878
8878
8880
8881
8881
8881
8883
8884
8884
8885
8885
8886
8888
8888
8888
8888
8890
8890
8893
8893
8893
8893
8895
8897
8898
8898
8898
8899
8901
8902
8904
8905
8905
8906
8906
8906
8909
8909
8910
8910
8914
8915
8915
8917
8918
8919
8919
8920
8921
8921
8921
8923
8924
8926
8928
8928
8928
8928
8929
8930
8930
8930
8930
8931
8932
8933
8937
8939
8939
8939
8940
8941
8941
8942
8945
8945
8945
8946
8948
8948
8949
8949
8950
8950
8950
8951
8952
8952
8952
8954
8955
8955
8956
8956
8956
8956
8959
8959
8959
8959
8959
8960
8962
8964
8965
8965
8966
8967
8967
8969
8973
8973
8975
8975
8976
8976
8977
8979
8980
8980
8980
8982
8982
8984
8986
8987
8988
8988
8989
8992
8992
8992
8992
8993
8993
8995
8996
8999
8999
8999
9000
9002
9003
9003
9004
9005
9007
9007
9007
9008
9008
9011
9011
9012
9013
9013
9013
9014
9014
9016
9016
9017
9018
9018
9019
9019
9020
9020
9021
9021
9022
9023
9023
9023
9023
9023
9024
9026
9027
9028
9029
9030
9032
9032
9033
9033
9035
9036
9036
9037
9038
9039
9039
9042
9042
9043
9043
9045
9046
9046
9046
9048
9050
9050
9052
9053
9053
9054
9054
9054
9055
9056
9057
9060
9060
9061
9062
9063
9063
9065
9066
9068
9068
9068
9071
9071
9072
9072
9075
9077
9077
9079
9079
9080
9080
9080
9080
9081
9081
9081
9084
9084
9087
9088
9093
9093
9093
9093
9094
9096
9098
9099
9099
9101
9102
9104
9105
9105
9105
9106
9106
9106
9107
9108
9109
9109
9109
9110
9111
9111
9111
9112
9115
9115
9115
9119
9120
9121
9122
9122
9122
9123
9123
9123
9124
9124
9125
9127
9127
9128
9129
9130
9131
9132
9133
9134
9134
9135
9138
9139
9140
9142
9143
9145
9145
9148
9149
9152
9152
9153
9153
9155
9155
9156
9158
9160
9160
9160
9161
9162
9162
9163
9163
9164
9164
9165
9166
9168
9168
9168
9168
9169
9170
9173
9174
9176
9176
9177
9177
9177
9178
9178
9179
9179
9180
9180
9181
9181
9181
9182
9182
9182
9184
9184
9186
9186
9189
9189
9191
9192
9195
9196
9197
9198
9200
9200
9200
9202
9202
9203
9204
9204
9205
9205
9205
9205
9205
9207
9208
9209
9209
9211
9211
9212
9214
9214
9215
9216
9217
9219
9220
9222
9222
9222
9224
9225
9225
9228
9230
9233
9234
9235
9236
9237
9237
9238
9239
9240
9241
9242
9243
9246
9246
9246
9247
9247
9248
9249
9249
9250
9250
9251
9252
9253
9255
9255
9255
9256
9256
9257
9260
9261
9263
9265
9265
9267
9267
9267
9267
9268
9268
9270
9270
9271
9272
9272
9272
9273
9276
9276
9279
9281
9281
9281
9282
9283
9283
9283
9284
9284
9285
9288
9288
9290
9290
9292
9293
9293
9294
9295
9295
9295
9296
9297
9301
9301
9301
9302
9304
9304
9306
9307
9308
9308
9312
9312
9315
9319
9320
9322
9322
9323
9324
9324
9326
9333
9334
9335
9335
9336
9337
9337
9339
9339
9340
9340
9341
9341
9344
9344
9345
9348
9349
9349
9351
9352
9352
9352
9354
9356
9357
9359
9360
9362
9364
9364
9364
9364
9366
9366
9368
9370
9370
9375
9375
9378
9379
9383
9385
9387
9387
9389
9390
9391
9393
9396
9397
9397
9397
9398
9399
9400
9401
9404
9405
9405
9406
9406
9407
9408
9408
9409
9409
9411
9412
9412
9415
9417
9419
9422
9422
9422
9423
9424
9425
9425
9426
9427
9427
9430
9430
9432
9432
9433
9434
9435
9435
9435
9436
9436
9437
9437
9437
9438
9441
9442
9443
9443
9443
9445
9445
9445
9446
9447
9447
9448
9450
9450
9450
9452
9452
9454
9456
9457
9457
9458
9458
9458
9459
9460
9461
9462
9462
9462
9463
9463
9465
9465
9466
9466
9466
9467
9467
9467
9468
9468
9468
9469
9470
9471
9471
9471
9472
9473
9474
9474
9474
9476
9476
9477
9478
9479
9479
9479
9479
9479
9480
9480
9480
9480
9481
9484
9484
9484
9487
9488
9488
9489
9490
9494
9497
9497
9497
9500
9503
9504
9505
9505
9506
9506
9506
9507
9508
9509
9509
9510
9511
9512
9514
9514
9518
9519
9520
9521
9522
9522
9523
9523
9523
9524
9525
9525
9525
9526
9527
9530
9532
9532
9533
9535
9535
9536
9536
9538
9543
9544
9545
9546
9546
9548
9549
9550
9552
9552
9553
9553
9553
9556
9556
9557
9557
9558
9558
9559
9561
9561
9562
9564
9564
9565
9568
9569
9569
9570
9570
9571
9573
9574
9575
9576
9577
9579
9581
9582
9583
9584
9584
9584
9585
9585
9586
9587
9588
9589
9590
9592
9592
9592
9592
9594
9596
9597
9597
9597
9598
9599
9600
9600
9600
9601
9602
9603
9604
9604
9604
9605
9606
9607
9609
9609
9610
9611
9612
9613
9613
9616
9616
9617
9618
9619
9620
9621
9622
9622
9623
9625
9626
9628
9629
9629
9631
9632
9633
9633
9634
9635
9636
9638
9638
9640
9641
9643
9645
9645
9647
9648
9648
9650
9650
9654
9654
9655
9656
9658
9658
9660
9665
9666
9666
9666
9667
9668
9669
9669
9672
9672
9674
9674
9678
9679
9679
9681
9681
9683
9684
9686
9687
9687
9687
9688
9689
9689
9689
9690
9691
9692
9693
9693
9695
9695
9698
9698
9699
9699
9700
9700
9703
9705
9706
9707
9707
9708
9709
9711
9714
9714
9715
9715
9716
9717
9718
9719
9721
9721
9723
9723
9723
9724
9724
9725
9733
9736
9736
9738
9738
9738
9741
9742
9743
9744
9746
9746
9747
9748
9749
9750
9751
9751
9751
9752
9753
9754
9754
9755
9755
9756
9756
9756
9759
9759
9759
9759
9760
9760
9761
9762
9763
9765
9768
9769
9770
9770
9770
9770
9772
9774
9774
9776
9777
9777
9777
9778
9778
9778
9778
9781
9785
9785
9786
9791
9791
9792
9793
9794
9794
9798
9798
9799
9800
9801
9802
9802
9804
9804
9805
9806
9807
9808
9809
9810
9810
9811
9812
9812
9812
9812
9812
9813
9813
9813
9813
9814
9814
9817
9818
9818
9818
9819
9826
9826
9828
9830
9832
9832
9833
9834
9834
9836
9838
9839
9839
9841
9841
9841
9842
9843
9843
9847
9848
9849
9849
9849
9853
9854
9857
9857
9857
9858
9859
9861
9863
9864
9864
9867
9867
9868
9870
9872
9872
9874
9874
9874
9874
9874
9877
9878
9878
9878
9879
9880
9883
9884
9884
9884
9884
9885
9888
9888
9889
9890
9891
9894
9895
9895
9895
9897
9897
9898
9898
9898
9899
9902
9902
9904
9905
9906
9906
9907
9907
9908
9911
9911
9913
9916
9918
9919
9920
9921
9921
9922
9924
9924
9925
9929
9929
9930
9930
9930
9931
9931
9932
9933
9934
9936
9936
9936
9937
9938
9939
9939
9939
9941
9941
9942
9942
9945
9946
9947
9947
9950
9951
9951
9951
9952
9953
9953
9955
9955
9956
9956
9957
9957
9958
9959
9960
9962
9963
9964
9965
9967
9967
9969
9970
9970
9971
9972
9976
9976
9977
9982
9982
9983
9984
9985
9986
9987
9988
9988
9989
9989
9992
9993
9993
9993
9993
9996
9997
10000
10000
10000
10000
