0
3
7
7
9
11
11
12
13
15
20
22
23
26
30
31
33
34
37
37
38
38
39
39
46
46
46
47
49
53
55
58
59
59
61
64
67
70
71
71
73
82
83
84
85
89
94
98
101
103
105
106
108
109
111
111
112
112
112
114
117
117
118
119
121
121
122
127
128
136
137
140
140
149
151
159
163
165
166
166
166
170
173
174
175
178
180
181
188
189
191
194
194
195
195
199
199
200
202
202
204
209
211
212
213
215
217
221
224
229
234
234
235
237
238
240
241
243
247
249
249
250
250
251
251
251
252
257
257
261
262
266
267
269
274
274
277
282
284
284
287
287
291
291
292
296
298
299
306
307
308
310
314
316
320
321
323
324
329
331
332
332
336
336
338
338
338
342
345
346
346
348
348
349
350
351
353
354
355
356
356
357
360
360
361
361
365
367
368
372
374
374
376
377
377
387
388
388
389
389
393
395
397
400
402
402
411
415
417
417
421
428
429
430
436
437
438
438
439
441
448
448
450
453
454
455
458
460
462
462
464
465
465
470
471
473
478
479
479
479
480
481
483
487
488
489
489
491
493
493
495
504
506
508
510
512
512
514
514
516
517
517
518
521
522
523
525
526
529
535
537
539
539
539
539
541
543
543
543
546
546
550
551
553
556
558
559
560
564
564
566
566
566
568
570
574
578
582
584
584
585
586
587
589
589
590
590
591
592
592
594
598
603
605
605
608
609
611
612
614
617
618
620
620
622
623
623
627
628
632
632
633
635
637
640
646
647
650
652
653
653
656
659
660
665
665
667
669
671
671
671
672
672
674
675
676
678
680
680
682
682
682
684
687
688
689
689
692
698
700
702
702
704
706
708
708
712
715
719
723
723
726
727
732
736
741
743
749
749
750
754
761
761
763
763
764
764
767
767
776
776
777
780
781
782
786
788
791
795
797
798
798
800
801
804
806
806
812
818
818
820
821
822
823
826
831
832
839
844
844
849
850
850
852
856
857
859
860
861
862
862
864
866
866
869
874
877
879
880
885
888
888
888
895
898
901
901
904
904
905
908
909
915
918
936
937
937
937
937
939
940
940
946
947
948
948
951
951
953
954
957
958
959
961
965
965
965
969
970
971
971
976
980
984
985
986
987
992
998
1005
1009
1018
1021
1024
1024
1024
1025
1029
1029
1030
1030
1032
1033
1035
1035
1037
1037
1037
1042
1042
1042
1047
1051
1052
1053
1056
1056
1057
1057
1063
1065
1069
1071
1073
1075
1078
1080
1081
1081
1081
1082
1084
1085
1087
1088
1093
1094
1095
1096
1097
1098
1104
1104
1105
1107
1110
1112
1127
1129
1130
1134
1135
1136
1137
1139
1140
1143
1146
1149
1150
1150
1153
1154
1158
1158
1159
1163
1164
1167
1168
1171
1174
1178
1181
1184
1186
1189
1192
1193
1196
1197
1198
1200
1200
1200
1200
1202
1204
1210
1211
1212
1213
1213
1217
1217
1220
1222
1222
1223
1224
1230
1230
1232
1236
1236
1238
1238
1239
1240
1240
1241
1243
1243
1244
1245
1245
1247
1247
1250
1252
1260
1260
1262
1263
1263
1265
1267
1267
1269
1270
1274
1275
1275
1276
1278
1279
1281
1282
1283
1283
1283
1285
1287
1289
1290
1291
1292
1294
1294
1295
1298
1299
1299
1302
1304
1308
1309
1314
1314
1314
1315
1316
1316
1320
1321
1323
1323
1325
1326
1330
1334
1336
1338
1338
1339
1341
1345
1345
1345
1350
1356
1360
1360
1361
1361
1362
1369
1372
1374
1382
1383
1387
1388
1388
1394
1396
1397
1397
1397
1399
1404
1406
1417
1420
1422
1428
1429
1431
1435
1436
1436
1438
1438
1440
1441
1441
1442
1444
1446
1447
1449
1452
1453
1453
1453
1453
1454
1463
1464
1464
1464
1464
1466
1467
1467
1472
1483
1488
1488
1489
1492
1496
1498
1498
1499
1507
1510
1513
1514
1514
1516
1517
1517
1518
1518
1522
1523
1527
1528
1530
1530
1530
1532
1536
1539
1539
1549
1552
1553
1553
1555
1557
1559
1560
1565
1567
1567
1570
1570
1573
1573
1575
1577
1581
1586
1586
1587
1588
1589
1591
1594
1597
1597
1602
1602
1606
1606
1610
1611
1611
1611
1613
1615
1615
1615
1617
1617
1617
1618
1618
1619
1622
1622
1623
1625
1626
1626
1626
1626
1627
1627
1629
1632
1634
1637
1640
1643
1643
1644
1644
1645
1651
1652
1653
1653
1660
1666
1667
1668
1668
1669
1670
1671
1672
1673
1674
1674
1676
1679
1680
1680
1684
1685
1686
1686
1686
1686
1687
1690
1693
1694
1695
1695
1696
1696
1698
1703
1705
1705
1706
1708
1710
1712
1716
1718
1719
1720
1723
1724
1726
1726
1727
1730
1733
1734
1736
1736
1737
1740
1744
1751
1752
1752
1753
1755
1755
1759
1761
1767
1767
1768
1768
1771
1773
1774
1775
1776
1776
1778
1779
1779
1784
1786
1787
1790
1791
1792
1793
1796
1797
1803
1805
1809
1810
1811
1812
1814
1815
1815
1816
1816
1816
1820
1822
1822
1823
1824
1825
1827
1828
1830
1831
1831
1832
1836
1836
1837
1839
1839
1840
1843
1847
1847
1848
1850
1854
1863
1864
1865
1869
1870
1873
1873
1873
1875
1876
1877
1878
1879
1882
1887
1891
1891
1895
1897
1898
1902
1902
1904
1920
1920
1922
1925
1932
1932
1937
1938
1939
1939
1941
1945
1948
1949
1951
1953
1953
1954
1957
1962
1967
1971
1973
1973
1974
1977
1978
1985
1985
1985
1986
1990
1991
1994
1996
1998
1998
2004
2004
2006
2009
2010
2012
2012
2015
2017
2019
2021
2027
2028
2031
2033
2033
2034
2038
2038
2045
2049
2053
2056
2058
2058
2060
2062
2062
2064
2068
2070
2071
2073
2076
2079
2080
2081
2084
2089
2090
2094
2095
2098
2099
2100
2103
2104
2104
2105
2107
2109
2112
2112
2112
2114
2118
2121
2122
2125
2127
2131
2132
2132
2133
2133
2137
2138
2138
2139
2139
2142
2143
2150
2158
2161
2167
2168
2169
2170
2173
2175
2176
2179
2183
2190
2191
2193
2194
2194
2195
2198
2198
2198
2200
2201
2202
2202
2203
2203
2210
2210
2211
2212
2214
2214
2220
2222
2224
2225
2226
2228
2230
2230
2232
2238
2238
2239
2243
2246
2251
2252
2253
2254
2255
2256
2258
2258
2259
2260
2260
2261
2265
2266
2270
2272
2272
2274
2279
2280
2283
2289
2295
2299
2301
2306
2309
2309
2313
2314
2315
2321
2326
2326
2327
2330
2333
2336
2337
2341
2341
2343
2345
2347
2348
2348
2350
2351
2352
2353
2359
2359
2359
2361
2361
2364
2372
2373
2377
2379
2379
2380
2382
2382
2385
2390
2392
2394
2397
2402
2402
2404
2405
2407
2409
2409
2417
2421
2423
2424
2424
2430
2433
2433
2435
2435
2436
2436
2436
2441
2443
2445
2446
2452
2455
2459
2459
2464
2466
2468
2469
2471
2471
2472
2475
2476
2476
2478
2483
2484
2484
2486
2493
2496
2497
2498
2498
2499
2500
2505
2507
2507
2509
2509
2512
2512
2515
2515
2516
2517
2518
2519
2522
2523
2531
2532
2537
2539
2540
2540
2546
2546
2547
2547
2547
2550
2553
2553
2554
2555
2560
2562
2563
2566
2566
2571
2573
2575
2577
2577
2580
2581
2582
2583
2585
2585
2585
2586
2591
2591
2592
2597
2597
2597
2598
2598
2599
2599
2600
2601
2607
2607
2607
2608
2610
2614
2614
2615
2615
2620
2621
2626
2628
2632
2634
2634
2634
2635
2638
2638
2638
2642
2645
2648
2650
2651
2653
2653
2655
2655
2656
2659
2660
2662
2663
2665
2670
2674
2678
2679
2681
2683
2685
2685
2688
2690
2695
2699
2699
2701
2703
2707
2708
2709
2712
2717
2717
2717
2718
2724
2729
2731
2732
2732
2732
2735
2739
2745
2747
2748
2752
2754
2755
2759
2761
2761
2762
2763
2764
2774
2774
2781
2782
2784
2789
2790
2791
2792
2792
2796
2796
2798
2800
2801
2802
2809
2816
2818
2820
2821
2822
2826
2826
2828
2829
2831
2841
2847
2848
2854
2859
2862
2862
2867
2870
2871
2876
2877
2879
2882
2882
2886
2888
2889
2890
2892
2899
2905
2906
2907
2908
2908
2910
2911
2912
2917
2917
2918
2919
2923
2928
2930
2931
2933
2934
2936
2937
2939
2941
2944
2944
2946
2946
2947
2951
2956
2957
2957
2958
2961
2962
2962
2966
2969
2972
2974
2975
2978
2979
2979
2980
2981
2985
2987
2988
2989
2991
2992
2993
2994
2997
3001
3004
3006
3011
3012
3013
3015
3018
3020
3020
3024
3025
3025
3026
3030
3032
3034
3036
3045
3045
3050
3056
3060
3063
3064
3075
3076
3076
3077
3081
3086
3088
3092
3093
3097
3098
3099
3104
3104
3106
3106
3110
3114
3115
3118
3118
3125
3125
3126
3131
3132
3133
3134
3137
3147
3156
3156
3158
3160
3161
3163
3163
3164
3168
3172
3173
3174
3175
3179
3182
3183
3183
3184
3184
3188
3193
3194
3197
3199
3201
3205
3206
3206
3208
3209
3211
3214
3215
3218
3219
3221
3221
3221
3222
3227
3229
3229
3232
3239
3241
3248
3248
3254
3254
3255
3256
3260
3267
3270
3272
3272
3273
3273
3275
3276
3278
3279
3280
3285
3286
3286
3286
3287
3292
3293
3296
3298
3300
3305
3306
3307
3308
3309
3313
3314
3314
3315
3317
3317
3318
3319
3320
3320
3322
3323
3325
3332
3333
3334
3336
3339
3341
3341
3346
3346
3348
3352
3354
3355
3360
3360
3364
3364
3365
3366
3367
3368
3374
3375
3380
3382
3384
3386
3393
3394
3394
3396
3397
3399
3399
3400
3400
3402
3403
3406
3408
3411
3414
3414
3416
3416
3417
3420
3421
3423
3423
3427
3431
3432
3436
3437
3439
3440
3442
3444
3449
3449
3449
3451
3453
3453
3457
3458
3460
3468
3471
3477
3477
3479
3480
3481
3482
3483
3484
3487
3487
3488
3488
3491
3491
3504
3509
3512
3512
3512
3516
3518
3520
3525
3527
3530
3532
3535
3540
3542
3542
3545
3548
3548
3551
3552
3553
3554
3564
3564
3566
3568
3569
3570
3572
3575
3576
3576
3577
3577
3579
3583
3590
3590
3599
3604
3604
3608
3611
3612
3613
3615
3616
3617
3620
3623
3624
3624
3629
3633
3633
3634
3635
3637
3640
3642
3650
3654
3654
3655
3658
3658
3661
3663
3664
3665
3667
3668
3669
3671
3676
3679
3681
3682
3685
3686
3687
3695
3697
3697
3701
3705
3706
3706
3710
3713
3715
3717
3718
3718
3718
3719
3720
3721
3725
3726
3727
3728
3728
3729
3736
3739
3739
3746
3748
3748
3748
3748
3749
3750
3750
3750
3752
3755
3758
3759
3760
3763
3764
3765
3767
3768
3768
3769
3770
3771
3773
3778
3781
3782
3784
3784
3788
3795
3795
3799
3803
3804
3807
3807
3809
3811
3811
3811
3813
3818
3818
3825
3830
3831
3836
3839
3840
3841
3841
3844
3845
3845
3846
3847
3849
3850
3853
3853
3855
3855
3858
3859
3859
3861
3862
3868
3868
3870
3871
3872
3874
3876
3877
3878
3883
3883
3884
3886
3889
3890
3891
3892
3892
3893
3894
3895
3898
3900
3901
3902
3911
3913
3915
3916
3920
3921
3927
3927
3929
3930
3937
3938
3939
3939
3939
3944
3945
3947
3947
3949
3953
3955
3958
3959
3962
3964
3965
3966
3967
3970
3971
3974
3975
3976
3977
3979
3979
3980
3980
3983
3984
3989
3989
3992
3993
3994
4001
4002
4002
4002
4004
4005
4005
4007
4008
4008
4008
4008
4009
4010
4010
4012
4012
4014
4018
4025
4026
4027
4028
4030
4032
4036
4038
4039
4040
4040
4041
4041
4041
4046
4052
4052
4057
4058
4060
4062
4064
4065
4065
4067
4068
4074
4075
4076
4092
4093
4093
4099
4101
4101
4102
4102
4103
4106
4107
4110
4113
4115
4118
4119
4120
4122
4124
4124
4132
4133
4134
4135
4135
4136
4136
4136
4138
4139
4140
4144
4145
4146
4146
4150
4153
4153
4155
4156
4158
4158
4160
4162
4164
4165
4166
4168
4173
4173
4176
4179
4179
4180
4182
4183
4183
4189
4191
4195
4196
4202
4203
4203
4204
4204
4209
4211
4211
4213
4215
4216
4219
4221
4222
4224
4226
4227
4230
4231
4232
4234
4238
4240
4241
4243
4245
4249
4249
4249
4250
4251
4258
4259
4259
4260
4260
4266
4269
4270
4274
4277
4281
4282
4284
4286
4288
4292
4293
4300
4301
4301
4302
4304
4305
4306
4307
4308
4310
4317
4318
4324
4328
4329
4329
4331
4334
4336
4337
4338
4344
4345
4347
4347
4347
4348
4350
4350
4350
4351
4358
4358
4362
4362
4364
4365
4367
4369
4371
4371
4371
4372
4375
4376
4385
4386
4387
4392
4393
4394
4396
4401
4403
4406
4406
4408
4408
4409
4409
4410
4410
4412
4413
4413
4414
4415
4418
4419
4420
4420
4424
4425
4425
4427
4428
4430
4430
4432
4432
4434
4435
4438
4438
4441
4442
4446
4447
4449
4450
4450
4450
4451
4452
4452
4454
4461
4464
4465
4465
4471
4474
4478
4489
4495
4496
4499
4503
4509
4509
4512
4514
4524
4524
4530
4532
4535
4537
4538
4539
4544
4548
4549
4549
4549
4556
4557
4558
4558
4559
4561
4567
4567
4568
4569
4573
4574
4574
4574
4575
4578
4579
4588
4589
4591
4592
4593
4593
4595
4595
4595
4596
4598
4604
4604
4605
4606
4607
4607
4611
4612
4613
4614
4616
4616
4617
4620
4624
4625
4627
4633
4634
4636
4638
4639
4647
4649
4649
4651
4655
4656
4657
4663
4666
4667
4667
4668
4670
4675
4676
4676
4684
4685
4685
4688
4689
4689
4689
4690
4691
4699
4699
4707
4707
4707
4709
4712
4712
4714
4718
4718
4721
4728
4729
4730
4734
4737
4740
4744
4749
4750
4750
4753
4753
4755
4761
4765
4767
4768
4772
4772
4777
4777
4785
4788
4789
4790
4792
4793
4797
4799
4800
4804
4806
4807
4815
4818
4819
4821
4821
4825
4826
4829
4834
4840
4842
4845
4847
4849
4849
4853
4855
4863
4866
4869
4871
4872
4873
4878
4882
4886
4890
4891
4891
4893
4894
4894
4895
4897
4898
4901
4905
4905
4905
4905
4907
4909
4910
4910
4917
4919
4922
4923
4925
4926
4932
4936
4937
4940
4940
4944
4945
4947
4948
4949
4951
4953
4955
4958
4961
4962
4964
4965
4969
4971
4975
4975
4976
4977
4979
4986
4989
4989
4992
4992
4993
4999
5001
5004
5005
5005
5006
5007
5008
5008
5009
5011
5012
5016
5026
5027
5028
5029
5035
5039
5039
5042
5044
5045
5048
5050
5050
5050
5051
5052
5055
5056
5057
5059
5060
5061
5061
5063
5064
5065
5066
5068
5070
5073
5073
5074
5074
5074
5076
5076
5076
5077
5083
5086
5086
5088
5088
5090
5091
5092
5092
5094
5100
5101
5102
5107
5107
5109
5110
5114
5118
5122
5125
5126
5127
5129
5130
5131
5134
5135
5137
5139
5140
5141
5143
5147
5147
5150
5151
5151
5151
5155
5156
5156
5156
5158
5159
5164
5168
5169
5174
5179
5180
5181
5183
5185
5188
5191
5193
5198
5201
5202
5205
5213
5215
5217
5217
5217
5218
5224
5227
5229
5230
5231
5234
5234
5235
5239
5240
5245
5246
5248
5250
5251
5255
5258
5259
5261
5262
5264
5267
5269
5272
5273
5275
5276
5280
5285
5285
5287
5289
5292
5299
5301
5301
5301
5302
5302
5305
5309
5312
5313
5314
5318
5319
5320
5321
5324
5325
5328
5328
5330
5334
5335
5336
5337
5341
5341
5342
5344
5345
5347
5347
5347
5349
5349
5352
5352
5355
5356
5356
5356
5356
5357
5357
5357
5358
5359
5359
5359
5360
5360
5361
5363
5365
5365
5368
5370
5371
5371
5372
5374
5375
5377
5383
5384
5385
5387
5388
5390
5391
5393
5396
5398
5402
5402
5402
5402
5405
5405
5409
5411
5411
5412
5418
5424
5431
5434
5434
5435
5438
5441
5441
5442
5444
5447
5448
5449
5452
5460
5460
5462
5466
5469
5473
5479
5480
5480
5481
5481
5482
5484
5489
5494
5502
5502
5503
5504
5505
5506
5506
5509
5509
5511
5512
5515
5516
5517
5519
5520
5520
5523
5523
5526
5528
5529
5531
5534
5534
5535
5536
5540
5542
5543
5544
5546
5549
5554
5558
5559
5562
5565
5565
5569
5571
5571
5576
5578
5581
5582
5585
5586
5588
5591
5593
5595
5598
5598
5599
5604
5607
5607
5607
5613
5613
5613
5614
5615
5615
5615
5615
5615
5619
5620
5624
5629
5629
5630
5631
5632
5632
5632
5633
5634
5634
5634
5635
5636
5640
5644
5652
5661
5664
5666
5666
5668
5668
5671
5672
5676
5677
5677
5685
5687
5689
5689
5692
5692
5695
5695
5696
5696
5697
5698
5700
5701
5701
5701
5703
5705
5709
5709
5713
5714
5715
5716
5717
5717
5723
5724
5728
5729
5730
5747
5748
5748
5753
5754
5761
5761
5762
5763
5765
5765
5768
5775
5775
5775
5776
5785
5785
5788
5789
5789
5797
5799
5803
5804
5806
5818
5819
5820
5821
5822
5825
5828
5828
5829
5829
5835
5843
5844
5848
5849
5853
5856
5858
5858
5863
5865
5866
5869
5870
5878
5879
5880
5882
5884
5884
5888
5888
5892
5894
5895
5895
5900
5901
5902
5902
5903
5904
5906
5907
5909
5909
5913
5920
5921
5921
5927
5929
5931
5932
5939
5942
5943
5946
5950
5950
5950
5950
5953
5957
5957
5959
5962
5962
5963
5964
5968
5969
5969
5973
5975
5976
5978
5978
5987
5988
5993
5994
5995
5997
5998
5999
6000
6001
6002
6002
6007
6009
6009
6010
6013
6013
6015
6015
6015
6026
6027
6028
6028
6030
6030
6030
6037
6039
6040
6041
6042
6047
6050
6051
6060
6061
6064
6065
6065
6067
6073
6076
6076
6079
6080
6081
6088
6089
6091
6094
6095
6097
6099
6100
6105
6110
6114
6115
6117
6117
6119
6123
6125
6127
6127
6128
6129
6129
6130
6131
6131
6132
6134
6135
6136
6139
6142
6144
6144
6151
6152
6152
6155
6155
6156
6164
6164
6165
6167
6170
6171
6172
6178
6182
6183
6183
6184
6188
6192
6196
6197
6197
6197
6200
6202
6203
6203
6208
6209
6209
6214
6217
6224
6230
6231
6231
6231
6232
6233
6234
6235
6235
6239
6239
6243
6246
6246
6251
6253
6253
6256
6258
6261
6269
6270
6272
6274
6274
6274
6277
6277
6277
6279
6280
6280
6285
6288
6289
6291
6296
6297
6297
6299
6302
6303
6304
6305
6307
6307
6308
6310
6312
6318
6321
6322
6325
6327
6328
6330
6331
6334
6334
6335
6335
6338
6341
6343
6347
6355
6359
6360
6360
6362
6364
6366
6368
6368
6371
6373
6382
6382
6383
6384
6385
6391
6393
6394
6394
6394
6397
6403
6408
6410
6411
6413
6414
6416
6418
6419
6421
6426
6429
6429
6433
6434
6434
6435
6436
6441
6442
6442
6443
6445
6446
6446
6448
6449
6451
6452
6454
6457
6460
6462
6464
6466
6467
6473
6475
6476
6479
6480
6482
6485
6486
6486
6486
6487
6487
6488
6489
6490
6495
6496
6501
6502
6503
6503
6505
6508
6510
6513
6519
6520
6521
6523
6523
6523
6525
6526
6530
6531
6532
6533
6534
6535
6535
6537
6540
6542
6543
6546
6547
6548
6550
6550
6553
6555
6555
6559
6559
6566
6572
6574
6574
6576
6579
6579
6580
6580
6580
6581
6582
6587
6593
6593
6595
6596
6598
6599
6599
6605
6609
6611
6616
6618
6619
6622
6623
6624
6624
6626
6631
6636
6637
6637
6637
6637
6639
6640
6641
6643
6644
6646
6646
6647
6648
6648
6651
6657
6662
6669
6671
6674
6675
6675
6679
6681
6682
6682
6683
6685
6685
6687
6687
6688
6688
6690
6692
6692
6697
6699
6699
6699
6700
6706
6708
6708
6711
6711
6713
6715
6716
6718
6719
6720
6721
6732
6735
6736
6737
6740
6750
6751
6756
6758
6759
6765
6768
6769
6770
6771
6773
6774
6775
6777
6778
6779
6779
6779
6782
6783
6784
6787
6789
6790
6790
6791
6793
6794
6798
6802
6802
6803
6807
6809
6809
6811
6812
6819
6820
6821
6822
6828
6840
6844
6846
6848
6849
6851
6855
6856
6858
6858
6863
6864
6866
6868
6869
6870
6871
6872
6874
6875
6875
6878
6878
6879
6886
6887
6897
6898
6903
6903
6906
6906
6909
6910
6911
6911
6912
6913
6913
6914
6916
6916
6918
6919
6920
6921
6922
6926
6927
6929
6931
6931
6932
6937
6937
6939
6941
6941
6943
6943
6945
6947
6947
6948
6948
6950
6962
6964
6964
6964
6971
6976
6977
6977
6982
6982
6983
6983
6983
6984
6987
6987
6995
6995
6997
6998
7000
7001
7001
7002
7003
7004
7004
7004
7006
7007
7008
7010
7011
7012
7012
7013
7014
7016
7020
7022
7023
7024
7024
7025
7030
7035
7042
7044
7046
7046
7046
7049
7050
7050
7052
7052
7053
7055
7056
7056
7057
7058
7059
7060
7061
7064
7065
7066
7069
7071
7071
7071
7072
7074
7075
7077
7077
7078
7079
7080
7080
7081
7087
7088
7088
7090
7092
7102
7103
7108
7109
7109
7111
7116
7118
7119
7120
7125
7129
7131
7133
7135
7138
7140
7142
7142
7146
7148
7151
7156
7157
7157
7159
7162
7164
7166
7168
7168
7170
7171
7172
7174
7175
7175
7179
7180
7184
7184
7185
7185
7186
7187
7195
7199
7205
7206
7208
7209
7210
7214
7215
7218
7225
7226
7226
7226
7229
7229
7233
7234
7235
7236
7238
7241
7242
7242
7249
7250
7251
7251
7253
7256
7259
7260
7263
7265
7272
7277
7279
7279
7280
7281
7281
7283
7285
7288
7290
7296
7305
7306
7306
7306
7307
7310
7311
7313
7313
7316
7316
7317
7317
7327
7331
7332
7332
7334
7347
7348
7351
7354
7356
7357
7357
7359
7369
7371
7374
7374
7376
7376
7384
7385
7387
7387
7390
7391
7391
7392
7393
7402
7405
7406
7408
7416
7417
7417
7417
7418
7419
7419
7424
7429
7430
7433
7435
7437
7439
7439
7440
7447
7448
7452
7454
7455
7455
7455
7458
7460
7463
7464
7468
7469
7475
7475
7476
7476
7480
7490
7496
7500
7502
7504
7505
7505
7506
7506
7507
7508
7511
7512
7512
7515
7516
7520
7520
7523
7524
7528
7529
7535
7540
7540
7546
7546
7547
7549
7555
7556
7562
7563
7564
7564
7565
7566
7566
7567
7568
7570
7571
7571
7571
7574
7574
7575
7576
7578
7579
7583
7585
7589
7589
7596
7598
7600
7602
7605
7606
7614
7619
7622
7624
7626
7627
7627
7631
7634
7639
7640
7641
7647
7649
7650
7652
7652
7654
7655
7655
7657
7658
7659
7665
7666
7666
7669
7672
7680
7685
7691
7693
7695
7697
7707
7708
7710
7713
7714
7714
7717
7717
7720
7721
7721
7724
7725
7725
7726
7728
7730
7736
7736
7738
7738
7740
7743
7745
7746
7750
7755
7756
7758
7761
7761
7762
7763
7765
7767
7768
7771
7774
7778
7778
7778
7782
7784
7788
7788
7789
7796
7797
7798
7799
7804
7806
7810
7813
7814
7816
7817
7822
7824
7825
7826
7834
7838
7839
7841
7841
7841
7842
7842
7842
7847
7847
7850
7853
7855
7857
7859
7860
7868
7869
7869
7870
7872
7874
7874
7875
7875
7875
7875
7881
7886
7891
7891
7892
7893
7894
7898
7900
7901
7903
7904
7911
7913
7913
7913
7914
7914
7916
7926
7927
7927
7927
7936
7936
7939
7940
7941
7948
7950
7952
7953
7955
7957
7957
7958
7960
7961
7963
7964
7964
7966
7967
7967
7968
7968
7968
7969
7969
7969
7970
7971
7972
7973
7973
7974
7978
7979
7980
7981
7981
7983
7984
7985
7986
7987
7994
7995
7995
7997
8001
8001
8008
8009
8012
8013
8015
8016
8016
8024
8025
8028
8032
8034
8035
8039
8040
8041
8041
8045
8047
8055
8056
8057
8064
8071
8071
8072
8073
8073
8074
8074
8076
8077
8081
8082
8083
8085
8085
8087
8092
8092
8097
8099
8101
8101
8107
8109
8112
8114
8115
8118
8119
8121
8123
8124
8124
8125
8128
8130
8132
8132
8135
8137
8138
8140
8140
8140
8141
8141
8143
8144
8144
8144
8151
8152
8155
8167
8170
8173
8174
8175
8178
8178
8179
8179
8181
8181
8186
8189
8193
8195
8196
8198
8201
8203
8207
8210
8210
8210
8211
8211
8213
8214
8215
8216
8216
8224
8225
8227
8228
8231
8231
8231
8232
8233
8239
8239
8240
8246
8246
8246
8247
8248
8251
8253
8253
8253
8254
8254
8255
8257
8261
8267
8270
8271
8273
8274
8275
8277
8278
8278
8278
8279
8279
8280
8281
8291
8295
8297
8298
8299
8302
8304
8310
8310
8312
8317
8319
8319
8321
8321
8322
8322
8323
8324
8324
8325
8325
8328
8330
8332
8333
8333
8333
8338
8338
8339
8345
8346
8346
8348
8352
8354
8361
8362
8365
8368
8369
8371
8375
8375
8376
8376
8377
8378
8382
8387
8388
8390
8391
8394
8394
8395
8397
8398
8398
8399
8399
8404
8405
8408
8409
8409
8414
8415
8419
8419
8429
8433
8434
8435
8436
8439
8446
8454
8456
8456
8457
8460
8460
8461
8462
8464
8464
8465
8469
8470
8475
8480
8480
8483
8483
8484
8486
8487
8489
8489
8489
8490
8498
8498
8501
8505
8508
8508
8509
8511
8512
8514
8517
8517
8521
8521
8522
8522
8525
8528
8530
8530
8530
8532
8532
8533
8535
8535
8535
8535
8537
8538
8540
8543
8548
8551
8555
8556
8557
8558
8559
8560
8560
8560
8561
8563
8564
8565
8567
8575
8575
8578
8580
8581
8582
8582
8583
8592
8592
8594
8599
8601
8602
8605
8607
8609
8611
8613
8613
8616
8617
8618
8620
8622
8622
8623
8625
8626
8628
8629
8635
8637
8637
8641
8643
8643
8648
8648
8653
8653
8654
8654
8655
8658
8660
8662
8664
8665
8668
8670
8670
8670
8671
8673
8676
8676
8682
8682
8691
8694
8697
8698
8698
8698
8708
8713
8715
8718
8721
8722
8722
8726
8728
8732
8733
8733
8733
8736
8738
8743
8743
8744
8745
8756
8757
8758
8758
8759
8761
8767
8769
8782
8782
8783
8783
8788
8788
8792
8796
8797
8798
8799
8801
8803
8803
8804
8804
8804
8805
8806
8807
8808
8811
8811
8812
8813
8817
8819
8822
8825
8827
8828
8829
8832
8833
8837
8840
8840
8843
8844
8845
8847
8848
8849
8851
8851
8851
8854
8857
8858
8858
8859
8859
8861
8862
8862
8863
8863
8865
8866
8868
8868
8871
8872
8874
8876
8881
8882
8883
8886
8887
8888
8890
8892
8896
8902
8902
8903
8905
8911
8914
8917
8917
8923
8929
8929
8933
8933
8934
8935
8937
8941
8943
8950
8954
8955
8956
8957
8957
8957
8966
8967
8968
8968
8969
8972
8974
8974
8978
8979
8980
8986
8988
8989
8992
8992
8993
8994
8996
8997
8999
9002
9006
9009
9012
9014
9015
9015
9016
9017
9017
9018
9019
9021
9022
9024
9024
9024
9025
9029
9030
9031
9034
9037
9037
9037
9039
9040
9041
9041
9043
9043
9043
9043
9044
9048
9048
9050
9056
9058
9059
9061
9065
9068
9070
9076
9078
9080
9080
9082
9083
9083
9088
9090
9090
9091
9091
9094
9096
9100
9107
9108
9108
9109
9112
9113
9113
9114
9114
9115
9116
9116
9117
9118
9119
9119
9119
9121
9121
9122
9122
9124
9125
9129
9130
9133
9137
9138
9144
9147
9147
9147
9151
9156
9157
9159
9159
9159
9161
9162
9163
9164
9166
9166
9174
9177
9180
9181
9183
9184
9190
9199
9199
9202
9205
9206
9207
9207
9213
9214
9220
9225
9225
9230
9236
9242
9242
9247
9249
9249
9255
9256
9259
9260
9261
9263
9264
9267
9275
9276
9277
9278
9278
9278
9280
9281
9283
9283
9283
9287
9292
9293
9293
9295
9296
9296
9303
9306
9307
9307
9307
9309
9313
9313
9313
9316
9316
9319
9319
9323
9324
9324
9327
9333
9334
9335
9337
9338
9338
9338
9339
9340
9342
9344
9351
9352
9355
9356
9358
9359
9360
9361
9362
9365
9371
9375
9376
9378
9380
9383
9383
9384
9385
9387
9387
9389
9390
9391
9391
9397
9399
9410
9411
9413
9414
9415
9416
9416
9417
9419
9425
9430
9431
9431
9431
9432
9433
9435
9437
9439
9441
9443
9444
9456
9457
9460
9464
9465
9467
9467
9471
9475
9476
9477
9480
9484
9484
9485
9488
9489
9490
9490
9497
9497
9498
9499
9506
9506
9506
9507
9507
9509
9510
9511
9512
9516
9516
9516
9519
9519
9525
9527
9528
9536
9536
9537
9538
9539
9541
9543
9545
9553
9556
9562
9564
9564
9565
9566
9574
9578
9579
9580
9581
9586
9590
9590
9591
9592
9592
9595
9596
9596
9601
9601
9603
9604
9605
9605
9609
9609
9610
9610
9611
9615
9616
9618
9620
9623
9624
9625
9625
9629
9630
9632
9632
9635
9636
9638
9640
9640
9641
9643
9644
9645
9647
9648
9648
9650
9653
9656
9657
9658
9661
9663
9666
9667
9667
9673
9674
9675
9676
9680
9682
9684
9685
9688
9700
9702
9709
9709
9711
9713
9713
9714
9714
9716
9724
9725
9725
9725
9726
9729
9732
9733
9733
9734
9734
9735
9735
9738
9739
9742
9742
9747
9747
9749
9754
9755
9755
9759
9761
9765
9768
9768
9770
9772
9773
9776
9776
9780
9782
9784
9785
9787
9788
9788
9792
9796
9802
9803
9805
9807
9811
9811
9812
9813
9820
9823
9824
9825
9826
9829
9830
9832
9832
9835
9836
9838
9839
9846
9849
9852
9854
9855
9855
9855
9857
9857
9858
9862
9863
9865
9866
9869
9870
9870
9876
9877
9877
9877
9878
9879
9881
9882
9882
9883
9883
9884
9884
9886
9887
9887
9888
9888
9889
9889
9889
9896
9896
9898
9898
9899
9899
9902
9905
9910
9911
9914
9914
9915
9916
9918
9918
9919
9920
9922
9923
9928
9930
9931
9938
9939
9942
9942
9945
9947
9948
9949
9953
9955
9964
9965
9965
9967
9968
9973
9974
9974
9975
9975
9979
9979
9979
9979
9979
9980
9982
9982
9983
9983
9987
9988
9989
9990
9990
9992
9994
9997
9999
