0
0
0
3
4
4
5
5
6
6
8
8
8
9
11
12
13
14
15
18
18
18
19
19
19
20
21
21
24
24
25
26
27
28
28
28
28
29
29
32
32
32
34
34
35
35
36
36
36
37
39
40
41
41
41
42
42
45
46
46
46
46
47
47
49
50
50
51
51
51
52
52
53
53
55
55
56
56
57
59
59
59
63
64
64
65
65
66
66
66
68
68
70
70
70
71
71
73
73
74
74
76
76
76
78
80
80
80
80
81
81
82
83
83
84
85
85
85
86
86
87
87
88
88
89
89
90
90
91
91
91
93
93
93
94
95
96
96
96
97
97
98
98
98
98
98
99
100
100
101
101
103
105
106
106
106
107
107
107
109
109
111
111
113
113
113
114
115
116
117
117
118
118
119
121
121
121
121
122
123
123
124
124
127
127
128
128
128
129
130
131
132
132
132
132
132
132
133
133
135
136
137
137
138
138
138
139
139
140
140
141
141
142
142
143
143
143
143
144
144
144
145
145
147
147
148
148
148
149
150
151
153
154
154
155
155
156
156
157
157
158
158
159
160
160
160
161
162
162
163
163
163
163
163
163
164
164
165
165
166
168
168
168
171
171
172
173
175
175
176
176
177
178
179
180
180
180
182
183
183
183
184
184
184
185
186
187
188
189
189
190
190
191
191
192
193
193
194
194
196
196
196
197
198
199
199
200
200
200
201
202
203
203
204
204
205
206
206
206
206
207
207
209
209
209
210
211
211
212
212
213
213
214
214
216
216
217
217
218
219
219
219
220
220
220
221
221
222
222
223
223
224
224
225
225
226
227
227
227
228
231
231
232
232
233
233
234
236
238
238
239
239
240
240
241
242
244
245
245
246
246
247
248
248
248
248
249
249
250
251
252
253
253
253
254
254
255
257
257
258
258
259
259
260
260
261
261
261
261
262
262
263
264
265
266
266
266
267
267
268
269
269
270
271
272
272
272
275
275
275
275
277
277
279
280
280
280
280
281
282
283
284
286
286
288
289
289
289
290
290
290
291
291
292
292
292
293
295
295
295
295
298
298
298
298
300
301
301
301
301
305
306
306
308
308
309
309
309
309
309
310
310
311
312
312
313
313
314
314
316
316
317
318
318
319
319
321
321
322
322
322
323
323
324
324
326
327
328
329
329
329
330
330
331
332
333
333
334
334
334
335
335
335
337
337
338
339
340
341
341
342
342
343
345
345
348
349
349
352
352
352
353
354
356
358
358
358
358
360
361
362
362
363
363
364
364
364
364
364
364
366
366
366
367
367
367
367
367
368
368
369
369
371
371
371
372
372
373
374
374
375
376
377
378
380
381
382
382
382
383
384
384
384
384
385
385
385
386
386
387
389
389
390
393
394
396
396
396
397
397
398
399
399
400
401
403
403
404
406
406
406
407
408
409
409
410
411
411
411
411
413
414
416
417
417
417
418
418
421
421
421
422
422
425
425
426
426
426
426
427
428
429
429
429
430
430
431
432
432
433
433
433
434
434
435
436
437
437
438
439
439
440
442
442
443
443
444
444
445
446
446
447
448
450
451
453
453
454
454
455
455
455
455
456
456
457
457
458
459
460
461
463
463
464
466
467
469
470
470
470
471
472
472
473
473
474
474
475
476
477
477
478
479
479
479
479
481
481
481
482
482
483
483
483
483
486
487
487
487
490
490
490
491
491
492
492
493
493
493
495
496
496
497
497
497
498
499
499
499
499
500
501
504
506
507
507
507
509
509
509
510
510
511
512
512
512
513
513
513
513
514
515
515
515
515
516
517
522
523
523
523
523
524
524
525
526
527
527
528
530
531
533
533
533
533
535
535
536
538
538
538
540
540
540
541
542
543
543
544
545
545
546
546
546
546
546
548
550
550
552
552
552
553
553
553
554
555
557
558
559
560
561
561
561
562
562
563
563
564
564
565
565
565
565
566
567
567
567
568
570
571
571
573
574
574
574
574
575
576
577
578
578
578
579
579
579
579
580
581
583
583
584
584
585
586
586
587
587
588
588
589
589
590
590
590
591
592
593
594
594
594
594
595
595
595
597
597
597
597
598
600
601
603
603
605
605
605
606
607
607
608
608
608
608
608
609
609
610
610
610
613
613
613
615
615
618
619
619
620
621
621
622
624
625
625
625
626
627
628
628
629
629
629
632
634
634
636
636
636
637
637
637
640
641
641
642
642
643
644
644
645
646
646
646
646
649
651
651
652
652
652
653
655
655
656
657
657
659
659
660
660
661
661
661
662
663
664
664
666
666
666
667
667
667
668
668
668
669
670
671
672
673
673
673
673
674
675
675
675
676
677
677
678
678
679
681
681
681
682
682
683
684
684
685
686
687
688
688
688
690
692
693
693
694
694
694
695
695
696
697
697
698
698
699
699
701
702
703
703
705
705
706
706
707
707
708
708
709
710
710
710
710
710
710
711
711
713
713
713
714
715
717
717
718
718
719
719
721
721
721
723
724
725
726
726
726
728
728
729
729
730
731
732
732
733
733
734
735
736
736
736
736
737
737
737
737
738
738
738
739
739
740
741
741
741
742
745
745
747
748
749
749
749
751
751
751
753
755
756
757
758
759
759
759
760
762
762
763
763
764
765
765
767
767
767
768
768
769
770
771
772
773
773
774
774
775
776
777
778
780
780
780
781
781
782
784
784
785
785
785
785
786
787
788
788
788
790
793
794
794
794
795
795
796
796
797
797
798
799
799
799
801
801
801
804
804
804
804
804
805
806
807
808
809
810
810
811
811
811
811
811
812
812
813
814
814
815
815
815
816
816
816
819
821
822
826
826
827
828
828
829
829
829
830
830
830
830
830
831
832
832
832
832
835
836
836
838
838
838
838
839
839
840
840
841
842
842
842
843
843
844
844
844
844
845
846
846
847
847
847
848
848
851
851
852
852
852
853
853
855
855
857
857
858
858
859
859
859
860
860
861
863
866
866
866
867
867
869
869
870
871
871
871
872
873
873
873
874
874
874
876
876
877
877
878
878
879
879
879
879
879
880
880
880
881
881
883
884
884
885
885
887
887
888
890
890
890
891
892
892
892
893
894
894
895
896
896
896
896
897
898
900
900
902
903
904
905
905
905
906
906
906
906
906
907
907
908
908
909
909
910
911
912
913
913
914
914
914
915
916
917
919
919
919
919
921
922
923
923
923
923
923
924
928
928
929
929
930
931
933
933
934
935
935
936
936
937
937
938
939
939
941
941
942
942
943
943
944
944
944
947
948
949
949
951
951
951
951
951
952
952
952
952
952
953
954
954
955
956
956
957
960
960
960
960
960
960
960
961
962
963
964
964
964
964
966
966
966
967
969
970
970
970
970
971
972
975
975
975
975
976
977
980
980
980
980
980
982
982
983
984
984
985
985
985
986
987
987
987
988
989
989
989
990
990
991
991
991
992
992
992
992
993
994
995
995
995
995
998
998
998
998
999
1000
1000
1001
1001
1001
1001
1003
1003
1004
1005
1006
1006
1008
1009
1009
1009
1011
1011
1011
1012
1012
1013
1014
1014
1014
1015
1015
1015
1016
1016
1016
1016
1018
1018
1019
1020
1020
1020
1021
1021
1021
1023
1024
1024
1025
1025
1025
1025
1027
1028
1029
1029
1030
1031
1031
1031
1031
1032
1034
1034
1035
1036
1036
1036
1036
1037
1038
1038
1040
1040
1041
1041
1044
1044
1044
1044
1045
1046
1046
1046
1046
1047
1047
1048
1048
1048
1049
1050
1050
1051
1053
1053
1053
1056
1056
1056
1056
1056
1058
1058
1059
1060
1060
1060
1061
1062
1062
1062
1063
1063
1063
1063
1066
1066
1067
1067
1068
1068
1069
1070
1071
1071
1071
1072
1072
1072
1073
1075
1076
1076
1077
1079
1079
1081
1081
1081
1083
1083
1083
1084
1084
1084
1084
1086
1087
1087
1088
1088
1089
1090
1090
1091
1091
1094
1094
1095
1095
1095
1095
1095
1096
1096
1096
1096
1097
1097
1099
1099
1100
1100
1101
1101
1102
1102
1102
1103
1103
1105
1105
1105
1106
1106
1106
1106
1107
1108
1108
1108
1109
1109
1110
1110
1113
1114
1115
1115
1116
1117
1117
1117
1118
1119
1120
1120
1120
1121
1122
1122
1122
1124
1125
1126
1128
1129
1132
1132
1132
1133
1133
1134
1136
1136
1138
1138
1139
1139
1140
1141
1141
1142
1143
1144
1145
1145
1146
1147
1147
1147
1149
1150
1150
1152
1152
1152
1152
1153
1153
1154
1155
1156
1157
1158
1159
1159
1159
1160
1160
1161
1162
1162
1164
1167
1168
1168
1169
1169
1169
1169
1170
1171
1173
1177
1178
1178
1179
1179
1179
1180
1182
1182
1182
1183
1184
1184
1185
1185
1186
1187
1187
1188
1189
1190
1191
1192
1192
1193
1193
1194
1194
1194
1195
1195
1195
1196
1196
1197
1197
1197
1198
1199
1201
1203
1205
1205
1206
1207
1208
1209
1210
1210
1210
1211
1212
1212
1213
1217
1218
1218
1219
1220
1221
1221
1221
1222
1222
1222
1222
1223
1223
1224
1225
1225
1225
1225
1226
1226
1227
1227
1228
1228
1229
1229
1231
1231
1233
1233
1233
1233
1233
1233
1235
1236
1236
1237
1238
1238
1238
1240
1240
1240
1242
1242
1244
1244
1245
1245
1246
1247
1248
1249
1249
1250
1250
1251
1251
1252
1253
1253
1255
1256
1257
1257
1258
1259
1260
1261
1261
1262
1262
1262
1263
1266
1266
1266
1267
1270
1270
1270
1271
1271
1272
1273
1275
1275
1275
1278
1278
1280
1280
1281
1283
1284
1284
1285
1286
1286
1287
1288
1288
1289
1289
1290
1290
1290
1291
1292
1292
1292
1293
1294
1294
1294
1295
1296
1297
1299
1299
1300
1300
1301
1301
1302
1303
1304
1304
1305
1308
1309
1309
1310
1311
1311
1312
1313
1313
1314
1314
1315
1315
1316
1317
1318
1320
1321
1321
1322
1322
1322
1322
1322
1323
1324
1324
1324
1325
1326
1327
1327
1327
1328
1328
1328
1328
1329
1329
1329
1329
1331
1332
1332
1333
1333
1333
1334
1334
1334
1336
1336
1336
1337
1337
1340
1340
1341
1341
1342
1342
1345
1345
1348
1348
1348
1349
1349
1350
1350
1351
1351
1353
1354
1355
1355
1355
1356
1356
1357
1357
1357
1358
1359
1359
1359
1361
1362
1362
1363
1363
1365
1366
1366
1369
1370
1370
1371
1371
1372
1372
1373
1373
1376
1376
1377
1377
1377
1377
1378
1379
1379
1380
1380
1382
1383
1383
1384
1385
1386
1387
1388
1389
1390
1390
1391
1392
1392
1393
1393
1394
1395
1395
1396
1397
1397
1397
1397
1397
1398
1398
1399
1399
1400
1400
1401
1402
1402
1402
1403
1403
1403
1404
1404
1404
1404
1405
1405
1405
1405
1406
1406
1406
1409
1409
1412
1413
1416
1416
1417
1417
1417
1417
1419
1419
1420
1420
1420
1420
1420
1421
1421
1422
1422
1422
1422
1423
1424
1426
1426
1426
1427
1427
1427
1429
1429
1430
1431
1432
1432
1432
1433
1434
1434
1435
1435
1436
1436
1436
1438
1439
1442
1443
1444
1444
1445
1445
1445
1446
1446
1447
1450
1450
1450
1450
1450
1451
1452
1452
1453
1454
1454
1454
1455
1455
1455
1455
1456
1456
1457
1458
1459
1460
1460
1461
1462
1463
1464
1464
1464
1464
1464
1465
1466
1466
1467
1467
1467
1468
1468
1470
1472
1472
1472
1473
1474
1476
1476
1477
1477
1478
1478
1479
1479
1479
1480
1481
1482
1482
1482
1483
1484
1485
1485
1485
1485
1486
1487
1488
1488
1488
1489
1489
1490
1490
1493
1493
1493
1495
1495
1495
1497
1498
1498
1498
1498
1499
1500
1500
1500
1500
1501
1502
1503
1503
1503
1504
1506
1508
1508
1509
1509
1510
1510
1510
1510
1511
1511
1513
1514
1514
1515
1515
1517
1517
1517
1518
1518
1518
1518
1519
1520
1521
1521
1522
1523
1523
1524
1526
1526
1526
1527
1527
1528
1528
1528
1528
1530
1530
1531
1533
1533
1534
1534
1535
1536
1537
1538
1539
1539
1541
1541
1541
1543
1543
1543
1544
1544
1546
1546
1546
1547
1548
1548
1549
1551
1552
1553
1553
1553
1556
1556
1556
1557
1557
1557
1558
1559
1561
1561
1561
1563
1564
1566
1566
1566
1567
1568
1568
1568
1569
1570
1572
1573
1573
1574
1575
1575
1576
1576
1577
1578
1578
1579
1580
1580
1581
1582
1582
1582
1583
1583
1583
1584
1584
1584
1585
1586
1587
1588
1588
1589
1589
1589
1589
1593
1594
1595
1597
1597
1598
1599
1599
1601
1602
1602
1603
1604
1605
1606
1606
1607
1608
1608
1608
1609
1609
1610
1611
1611
1611
1612
1612
1613
1613
1613
1614
1615
1617
1617
1617
1618
1618
1619
1620
1620
1621
1621
1621
1621
1622
1622
1622
1622
1623
1624
1625
1627
1627
1629
1629
1630
1631
1631
1633
1633
1634
1634
1634
1634
1634
1635
1636
1636
1637
1637
1638
1640
1640
1640
1641
1641
1642
1643
1644
1646
1646
1647
1647
1648
1650
1651
1651
1651
1652
1652
1652
1652
1652
1652
1653
1653
1654
1655
1656
1657
1657
1657
1658
1658
1658
1659
1659
1660
1660
1660
1660
1661
1661
1662
1663
1664
1664
1664
1665
1665
1665
1667
1667
1667
1669
1670
1671
1671
1674
1675
1675
1675
1675
1676
1676
1677
1677
1678
1678
1679
1679
1679
1679
1680
1681
1682
1683
1686
1686
1686
1686
1687
1687
1689
1689
1691
1691
1691
1691
1694
1694
1695
1695
1696
1696
1697
1699
1699
1700
1700
1700
1700
1701
1701
1702
1702
1703
1703
1706
1706
1707
1708
1709
1710
1713
1713
1713
1713
1715
1717
1718
1719
1720
1721
1722
1722
1723
1724
1728
1728
1728
1729
1729
1730
1730
1733
1735
1735
1736
1736
1737
1737
1737
1738
1740
1740
1741
1742
1744
1744
1744
1744
1744
1744
1746
1747
1747
1748
1748
1749
1749
1750
1750
1750
1751
1751
1753
1754
1755
1756
1756
1757
1759
1759
1759
1759
1760
1760
1761
1762
1762
1762
1763
1763
1763
1764
1764
1764
1768
1770
1771
1771
1772
1772
1773
1774
1775
1775
1776
1776
1778
1778
1779
1781
1781
1782
1782
1782
1783
1784
1785
1787
1788
1790
1790
1792
1792
1792
1793
1793
1793
1794
1795
1795
1795
1796
1797
1798
1799
1799
1800
1802
1802
1802
1802
1802
1802
1803
1804
1804
1805
1805
1805
1806
1806
1808
1808
1808
1809
1811
1812
1813
1813
1813
1814
1815
1815
1816
1816
1816
1820
1821
1822
1823
1823
1824
1825
1827
1827
1827
1829
1829
1829
1830
1830
1830
1831
1831
1832
1833
1834
1834
1837
1838
1838
1839
1840
1842
1842
1844
1846
1847
1847
1850
1850
1852
1853
1854
1855
1855
1856
1856
1859
1860
1860
1861
1861
1862
1863
1864
1864
1864
1864
1865
1866
1869
1869
1870
1872
1872
1873
1875
1875
1876
1879
1880
1880
1880
1880
1881
1883
1885
1887
1888
1888
1888
1890
1890
1890
1891
1891
1892
1892
1892
1893
1893
1894
1894
1894
1896
1896
1896
1897
1897
1898
1898
1899
1900
1902
1902
1903
1903
1906
1906
1907
1907
1907
1908
1910
1911
1911
1911
1912
1912
1913
1915
1916
1917
1918
1920
1921
1922
1923
1923
1923
1923
1923
1924
1925
1927
1928
1928
1928
1929
1930
1930
1930
1931
1933
1933
1933
1933
1933
1934
1935
1936
1936
1936
1936
1938
1938
1938
1938
1939
1939
1939
1940
1941
1942
1943
1943
1943
1945
1947
1947
1947
1947
1947
1948
1948
1948
1949
1951
1952
1952
1955
1956
1956
1956
1956
1960
1960
1961
1962
1962
1964
1964
1964
1964
1965
1967
1967
1968
1968
1968
1969
1969
1971
1971
1972
1973
1975
1975
1975
1977
1978
1979
1979
1982
1983
1984
1985
1987
1987
1987
1988
1990
1990
1990
1991
1991
1995
1995
1997
1998
1998
2000
2001
2001
2003
2003
2005
2007
2007
2008
2008
2008
2009
2009
2009
2009
2010
2010
2011
2011
2012
2012
2013
2014
2015
2015
2016
2016
2017
2018
2018
2018
2019
2019
2020
2024
2026
2027
2027
2028
2028
2029
2029
2029
2030
2030
2030
2030
2031
2031
2034
2037
2038
2040
2041
2041
2042
2043
2044
2045
2045
2045
2046
2047
2047
2048
2049
2049
2050
2050
2050
2050
2051
2051
2052
2053
2053
2053
2054
2054
2055
2057
2057
2058
2058
2060
2061
2061
2062
2062
2063
2064
2064
2064
2064
2065
2066
2066
2066
2068
2069
2070
2070
2071
2072
2075
2076
2076
2077
2079
2081
2082
2082
2082
2083
2084
2084
2084
2085
2086
2087
2087
2088
2089
2091
2091
2091
2092
2094
2095
2095
2095
2095
2096
2097
2097
2097
2098
2099
2100
2100
2100
2100
2101
2102
2102
2102
2103
2103
2103
2104
2105
2106
2107
2110
2110
2110
2110
2111
2111
2112
2115
2116
2116
2117
2117
2118
2119
2119
2119
2120
2121
2122
2122
2122
2123
2123
2124
2124
2124
2124
2124
2125
2125
2125
2126
2126
2126
2127
2127
2128
2128
2129
2130
2130
2130
2130
2130
2130
2131
2132
2132
2133
2133
2133
2134
2134
2134
2136
2136
2137
2137
2138
2138
2138
2140
2140
2141
2142
2142
2142
2143
2143
2143
2145
2145
2146
2147
2148
2148
2149
2149
2150
2150
2150
2152
2152
2152
2153
2153
2154
2154
2155
2157
2159
2159
2160
2161
2162
2163
2163
2163
2163
2164
2164
2165
2166
2166
2167
2168
2169
2171
2171
2172
2173
2173
2174
2174
2174
2176
2177
2177
2178
2179
2179
2179
2180
2180
2180
2181
2181
2181
2182
2182
2183
2183
2184
2185
2185
2185
2186
2186
2186
2187
2187
2187
2187
2188
2189
2190
2190
2190
2191
2191
2194
2194
2194
2195
2195
2196
2196
2197
2198
2198
2199
2199
2199
2200
2201
2201
2201
2202
2203
2204
2204
2205
2207
2209
2210
2210
2212
2212
2212
2213
2213
2214
2214
2215
2215
2217
2217
2218
2218
2219
2219
2219
2219
2220
2220
2220
2220
2221
2221
2222
2222
2224
2224
2224
2225
2226
2226
2226
2227
2227
2227
2227
2227
2228
2228
2229
2229
2229
2229
2229
2230
2231
2232
2232
2233
2233
2233
2233
2234
2236
2236
2236
2237
2237
2237
2238
2239
2240
2243
2243
2244
2245
2246
2246
2246
2247
2247
2248
2249
2250
2250
2251
2252
2252
2252
2253
2253
2254
2254
2256
2256
2256
2257
2257
2258
2258
2259
2259
2259
2259
2259
2260
2261
2264
2265
2265
2266
2269
2269
2271
2271
2272
2272
2272
2274
2274
2275
2275
2276
2276
2277
2277
2277
2278
2278
2282
2282
2285
2285
2287
2288
2289
2291
2292
2293
2293
2293
2294
2295
2295
2295
2300
2300
2302
2304
2305
2305
2305
2306
2306
2306
2309
2312
2312
2312
2312
2312
2313
2313
2313
2314
2318
2319
2320
2320
2320
2321
2321
2321
2322
2323
2323
2324
2327
2327
2328
2328
2330
2330
2331
2332
2334
2334
2334
2336
2336
2337
2337
2337
2340
2340
2341
2345
2345
2346
2346
2348
2348
2348
2349
2349
2350
2351
2351
2351
2353
2353
2353
2354
2355
2356
2357
2358
2358
2358
2358
2359
2360
2360
2360
2362
2363
2363
2365
2366
2366
2366
2369
2369
2370
2370
2370
2371
2371
2372
2373
2373
2374
2374
2375
2377
2377
2377
2379
2379
2380
2381
2383
2383
2385
2385
2385
2386
2388
2389
2389
2389
2389
2390
2391
2393
2394
2394
2394
2394
2394
2394
2396
2397
2397
2398
2399
2399
2401
2401
2401
2401
2403
2404
2404
2404
2404
2405
2405
2405
2406
2406
2407
2407
2410
2411
2411
2411
2411
2411
2411
2412
2412
2413
2414
2414
2414
2414
2416
2417
2417
2417
2417
2417
2419
2419
2420
2420
2421
2421
2422
2422
2422
2423
2424
2424
2425
2425
2425
2426
2427
2432
2432
2433
2434
2434
2434
2435
2435
2435
2436
2436
2436
2436
2436
2438
2438
2439
2441
2442
2442
2442
2442
2443
2443
2444
2446
2447
2449
2449
2449
2449
2449
2450
2450
2451
2451
2452
2452
2452
2453
2453
2454
2455
2455
2455
2456
2456
2456
2456
2457
2457
2457
2458
2459
2459
2459
2460
2461
2461
2462
2462
2462
2462
2464
2466
2467
2468
2470
2471
2472
2472
2473
2474
2475
2475
2475
2476
2477
2477
2478
2478
2478
2479
2480
2480
2480
2481
2482
2483
2483
2483
2483
2485
2485
2486
2486
2486
2486
2486
2487
2488
2489
2492
2492
2493
2493
2494
2495
2496
2496
2496
2497
2499
2499
2499
2500
2500
2501
2502
2503
2503
2504
2506
2507
2508
2513
2513
2514
2515
2515
2517
2517
2517
2518
2518
2519
2519
2521
2521
2523
2523
2523
2524
2524
2525
2525
2525
2526
2526
2527
2528
2529
2529
2529
2530
2530
2531
2532
2533
2533
2533
2534
2534
2535
2536
2537
2537
2537
2538
2538
2540
2540
2541
2542
2544
2544
2546
2547
2548
2548
2548
2550
2550
2551
2552
2553
2553
2553
2555
2557
2558
2558
2558
2559
2559
2562
2562
2563
2563
2564
2564
2564
2564
2567
2567
2567
2568
2570
2571
2571
2571
2571
2572
2572
2572
2573
2574
2574
2574
2576
2576
2576
2581
2581
2581
2583
2583
2584
2586
2587
2587
2588
2589
2590
2590
2590
2590
2591
2591
2592
2594
2595
2596
2596
2597
2598
2598
2598
2598
2599
2601
2601
2601
2602
2605
2605
2605
2606
2606
2607
2607
2607
2608
2609
2609
2611
2612
2613
2615
2616
2619
2619
2620
2621
2621
2622
2624
2624
2625
2625
2627
2627
2628
2629
2630
2631
2631
2632
2632
2632
2632
2633
2633
2633
2634
2635
2636
2637
2637
2637
2638
2639
2639
2640
2641
2641
2642
2642
2644
2644
2646
2646
2647
2647
2648
2649
2650
2650
2650
2650
2650
2650
2651
2652
2655
2655
2655
2656
2656
2656
2656
2657
2657
2658
2658
2659
2659
2660
2660
2660
2660
2662
2662
2662
2663
2663
2664
2664
2666
2666
2667
2667
2668
2668
2668
2669
2670
2670
2671
2672
2674
2674
2675
2675
2675
2675
2676
2676
2676
2677
2677
2678
2678
2678
2680
2680
2681
2682
2682
2682
2684
2684
2686
2687
2687
2687
2688
2690
2690
2691
2691
2691
2693
2694
2694
2694
2695
2695
2696
2697
2697
2698
2699
2699
2700
2701
2701
2701
2702
2703
2703
2703
2704
2705
2705
2705
2706
2707
2707
2707
2708
2710
2710
2711
2711
2711
2711
2712
2712
2715
2716
2719
2719
2720
2721
2721
2721
2722
2722
2723
2723
2724
2724
2725
2726
2727
2727
2731
2733
2733
2734
2734
2735
2735
2735
2735
2736
2737
2737
2739
2740
2740
2740
2741
2741
2741
2741
2742
2743
2743
2743
2744
2744
2745
2745
2748
2749
2750
2751
2751
2751
2752
2752
2752
2752
2752
2752
2754
2755
2755
2757
2757
2757
2757
2757
2758
2758
2758
2758
2759
2759
2759
2759
2759
2760
2761
2761
2762
2764
2764
2764
2764
2764
2765
2767
2767
2768
2768
2770
2771
2771
2772
2772
2772
2772
2773
2774
2775
2775
2775
2776
2777
2777
2778
2778
2779
2780
2780
2780
2781
2782
2783
2784
2784
2785
2785
2786
2786
2786
2787
2789
2789
2789
2790
2791
2792
2792
2793
2793
2794
2795
2796
2796
2797
2797
2798
2798
2799
2800
2801
2803
2804
2804
2806
2806
2806
2807
2809
2810
2810
2811
2812
2812
2812
2814
2815
2815
2816
2817
2818
2818
2818
2819
2820
2820
2820
2821
2822
2822
2823
2823
2824
2824
2824
2824
2824
2826
2828
2828
2829
2829
2830
2830
2831
2832
2833
2834
2834
2834
2834
2835
2836
2836
2836
2837
2837
2838
2838
2840
2842
2842
2842
2842
2845
2845
2846
2846
2846
2848
2850
2850
2850
2850
2851
2852
2853
2853
2854
2855
2856
2856
2857
2857
2858
2858
2858
2860
2860
2860
2861
2861
2861
2865
2866
2867
2867
2867
2868
2869
2871
2872
2874
2874
2874
2875
2875
2875
2876
2876
2876
2876
2877
2878
2878
2879
2879
2880
2881
2881
2881
2883
2885
2887
2887
2887
2887
2887
2888
2888
2889
2890
2890
2891
2892
2892
2893
2894
2894
2895
2895
2896
2896
2897
2897
2897
2897
2899
2901
2902
2902
2903
2903
2903
2904
2905
2905
2906
2906
2907
2907
2908
2910
2910
2911
2911
2912
2912
2913
2916
2917
2918
2918
2918
2918
2920
2920
2921
2923
2924
2924
2925
2925
2926
2927
2927
2928
2928
2929
2930
2930
2931
2932
2933
2933
2934
2935
2936
2938
2939
2939
2940
2940
2941
2941
2941
2943
2945
2945
2948
2950
2950
2950
2950
2951
2951
2952
2953
2953
2953
2956
2956
2956
2956
2957
2957
2958
2960
2960
2961
2961
2961
2962
2962
2962
2963
2964
2964
2967
2967
2969
2970
2970
2971
2971
2971
2972
2973
2974
2974
2975
2975
2976
2976
2976
2977
2977
2977
2977
2978
2979
2980
2983
2983
2983
2984
2985
2986
2987
2988
2989
2991
2992
2992
2993
2993
2993
2994
2995
2995
2996
2996
2997
2997
2998
2999
3000
3001
3001
3002
3003
3003
3004
3006
3006
3006
3006
3007
3009
3009
3010
3012
3012
3012
3014
3015
3015
3015
3016
3017
3017
3019
3020
3020
3020
3021
3022
3023
3024
3025
3025
3028
3028
3028
3029
3029
3030
3032
3033
3034
3035
3035
3035
3036
3038
3038
3039
3040
3040
3042
3043
3043
3044
3044
3045
3045
3045
3047
3049
3050
3050
3052
3052
3052
3052
3053
3053
3054
3054
3057
3058
3058
3058
3059
3060
3061
3062
3063
3063
3064
3064
3066
3068
3068
3069
3069
3069
3070
3070
3070
3071
3071
3071
3072
3072
3073
3074
3075
3075
3075
3075
3075
3076
3077
3077
3077
3078
3078
3078
3078
3079
3080
3080
3081
3083
3088
3088
3091
3091
3092
3092
3093
3093
3095
3095
3095
3096
3097
3097
3099
3099
3100
3100
3100
3101
3102
3104
3105
3106
3106
3106
3106
3108
3108
3109
3109
3109
3110
3112
3112
3112
3113
3113
3113
3113
3114
3114
3114
3116
3116
3117
3117
3117
3117
3118
3119
3119
3121
3123
3125
3126
3126
3126
3128
3130
3131
3131
3131
3132
3135
3135
3135
3136
3136
3137
3138
3138
3138
3139
3140
3141
3142
3142
3144
3144
3144
3145
3145
3146
3147
3147
3148
3148
3149
3149
3150
3150
3152
3153
3154
3155
3155
3155
3155
3156
3156
3156
3156
3157
3159
3159
3159
3159
3160
3160
3161
3164
3164
3164
3164
3164
3164
3165
3165
3165
3166
3166
3167
3168
3170
3171
3171
3171
3171
3171
3171
3172
3172
3173
3173
3174
3175
3176
3176
3177
3177
3177
3179
3180
3181
3182
3183
3185
3186
3186
3187
3187
3187
3190
3191
3192
3193
3194
3194
3194
3195
3195
3197
3199
3199
3199
3199
3200
3201
3201
3202
3202
3202
3202
3202
3204
3206
3206
3206
3206
3209
3210
3212
3213
3214
3214
3215
3216
3217
3217
3218
3219
3221
3222
3222
3224
3225
3226
3228
3228
3228
3228
3228
3229
3229
3230
3230
3230
3231
3231
3232
3232
3232
3234
3234
3234
3234
3235
3235
3236
3236
3237
3237
3238
3239
3239
3240
3240
3241
3242
3243
3243
3245
3246
3247
3248
3249
3251
3251
3252
3252
3253
3253
3255
3256
3257
3258
3258
3259
3260
3262
3264
3264
3265
3265
3266
3266
3267
3267
3267
3270
3272
3273
3274
3275
3275
3276
3276
3277
3278
3278
3279
3280
3280
3280
3280
3282
3282
3283
3283
3284
3285
3286
3288
3290
3290
3290
3292
3292
3292
3292
3293
3296
3297
3298
3298
3301
3301
3302
3303
3303
3305
3305
3306
3306
3307
3309
3310
3310
3312
3312
3312
3314
3314
3316
3316
3316
3317
3318
3318
3319
3319
3319
3319
3320
3321
3322
3322
3322
3322
3324
3324
3324
3325
3325
3325
3326
3326
3327
3331
3332
3333
3334
3334
3335
3335
3336
3336
3338
3338
3338
3339
3339
3339
3340
3341
3342
3343
3344
3344
3344
3344
3347
3348
3348
3349
3349
3352
3352
3352
3353
3353
3354
3354
3354
3355
3355
3355
3355
3355
3356
3358
3358
3359
3359
3360
3360
3360
3360
3361
3361
3362
3363
3363
3364
3365
3366
3366
3367
3367
3368
3369
3369
3370
3372
3372
3374
3375
3375
3377
3377
3379
3379
3380
3380
3381
3383
3383
3383
3384
3385
3385
3386
3386
3387
3387
3388
3391
3392
3393
3394
3394
3396
3396
3397
3398
3398
3398
3398
3400
3400
3401
3403
3403
3405
3405
3405
3407
3407
3407
3407
3407
3408
3408
3409
3410
3411
3411
3411
3412
3412
3412
3412
3412
3413
3415
3415
3416
3417
3419
3419
3419
3419
3420
3421
3424
3425
3426
3426
3426
3427
3427
3428
3428
3428
3429
3429
3430
3430
3430
3431
3432
3433
3433
3434
3435
3435
3435
3436
3436
3437
3437
3437
3438
3438
3438
3438
3438
3439
3439
3441
3441
3442
3442
3443
3443
3444
3444
3444
3445
3445
3445
3446
3446
3446
3447
3447
3449
3450
3450
3450
3452
3454
3454
3455
3455
3455
3455
3456
3456
3457
3457
3458
3459
3461
3462
3462
3462
3463
3466
3470
3470
3471
3472
3473
3474
3477
3478
3479
3481
3481
3482
3482
3483
3483
3484
3484
3485
3486
3486
3487
3487
3487
3488
3488
3488
3488
3491
3491
3494
3494
3495
3495
3497
3497
3497
3497
3498
3499
3499
3499
3499
3499
3500
3500
3501
3502
3502
3503
3505
3508
3508
3508
3509
3510
3510
3510
3510
3514
3514
3514
3515
3517
3518
3518
3519
3519
3520
3521
3521
3522
3522
3523
3524
3524
3524
3525
3525
3525
3525
3526
3527
3527
3528
3528
3528
3529
3529
3530
3530
3532
3533
3534
3534
3535
3535
3535
3535
3536
3536
3537
3537
3539
3539
3540
3540
3542
3545
3545
3545
3546
3546
3546
3548
3548
3548
3549
3550
3551
3551
3552
3554
3554
3554
3555
3555
3555
3556
3556
3556
3557
3558
3558
3559
3559
3559
3560
3561
3561
3562
3563
3563
3564
3565
3565
3566
3567
3568
3568
3568
3569
3569
3570
3570
3571
3571
3572
3573
3573
3573
3573
3573
3574
3576
3577
3577
3578
3580
3581
3581
3582
3582
3582
3582
3583
3584
3584
3585
3585
3585
3586
3588
3588
3589
3590
3591
3591
3592
3593
3594
3595
3595
3596
3597
3597
3598
3598
3598
3599
3600
3601
3601
3602
3602
3602
3602
3603
3604
3604
3604
3604
3605
3605
3606
3608
3609
3610
3610
3610
3611
3611
3612
3613
3613
3613
3613
3614
3614
3614
3614
3615
3616
3616
3616
3616
3617
3617
3617
3618
3618
3618
3618
3620
3621
3621
3621
3622
3624
3624
3625
3626
3626
3627
3627
3629
3630
3630
3630
3631
3632
3634
3634
3635
3635
3636
3636
3637
3637
3638
3638
3640
3641
3641
3641
3641
3642
3642
3642
3643
3643
3645
3646
3646
3646
3647
3650
3651
3652
3652
3652
3653
3653
3654
3655
3656
3658
3659
3659
3659
3660
3660
3661
3662
3662
3665
3666
3666
3667
3667
3667
3667
3667
3667
3668
3668
3669
3669
3669
3672
3673
3673
3673
3673
3674
3674
3674
3675
3676
3676
3677
3678
3679
3679
3679
3679
3679
3679
3680
3681
3683
3683
3684
3684
3685
3685
3686
3686
3686
3686
3687
3687
3687
3689
3690
3690
3692
3692
3692
3693
3694
3696
3697
3699
3699
3700
3700
3701
3701
3703
3703
3703
3703
3704
3704
3705
3705
3706
3707
3707
3708
3708
3709
3709
3709
3709
3709
3710
3711
3712
3712
3712
3713
3715
3716
3716
3716
3717
3718
3718
3719
3720
3720
3721
3721
3721
3721
3722
3722
3723
3724
3724
3725
3726
3726
3728
3729
3730
3731
3731
3733
3734
3736
3736
3738
3739
3740
3741
3741
3742
3742
3743
3744
3744
3744
3745
3746
3747
3747
3747
3747
3748
3750
3750
3750
3751
3751
3752
3752
3753
3754
3755
3755
3756
3757
3762
3763
3763
3764
3765
3765
3765
3767
3769
3771
3775
3776
3777
3778
3778
3778
3780
3784
3787
3787
3788
3789
3789
3789
3790
3792
3792
3792
3793
3793
3794
3794
3795
3797
3797
3797
3799
3799
3800
3802
3803
3804
3804
3806
3806
3807
3807
3808
3809
3809
3810
3813
3813
3813
3813
3814
3815
3815
3817
3819
3819
3819
3819
3820
3820
3821
3822
3822
3822
3823
3823
3824
3825
3827
3827
3828
3829
3832
3833
3833
3836
3837
3839
3839
3839
3841
3841
3841
3841
3842
3842
3844
3844
3844
3845
3845
3846
3846
3846
3847
3848
3848
3849
3849
3850
3851
3852
3852
3854
3854
3854
3855
3856
3856
3856
3856
3856
3856
3857
3857
3857
3858
3858
3859
3859
3859
3859
3860
3860
3861
3862
3862
3862
3865
3866
3866
3867
3867
3867
3868
3869
3871
3873
3873
3877
3878
3878
3879
3879
3879
3879
3883
3883
3886
3886
3887
3888
3889
3889
3889
3890
3890
3890
3891
3893
3893
3893
3894
3896
3898
3898
3899
3901
3901
3901
3902
3903
3903
3905
3905
3905
3905
3906
3908
3908
3908
3908
3909
3909
3910
3910
3911
3912
3913
3914
3916
3917
3918
3918
3920
3920
3922
3922
3923
3923
3924
3924
3925
3925
3925
3926
3926
3926
3927
3927
3927
3928
3928
3928
3929
3929
3929
3929
3931
3931
3933
3936
3936
3937
3937
3938
3938
3939
3939
3940
3940
3941
3941
3943
3944
3944
3946
3947
3947
3949
3950
3951
3953
3957
3957
3959
3959
3961
3961
3961
3961
3962
3962
3963
3964
3965
3966
3968
3970
3971
3971
3971
3971
3972
3975
3975
3975
3975
3976
3976
3976
3976
3977
3979
3980
3980
3980
3981
3982
3982
3982
3984
3985
3987
3988
3988
3988
3990
3991
3991
3991
3991
3991
3991
3993
3993
3994
3994
3995
3996
3996
3996
3996
3997
3997
3997
3999
4000
4000
4000
4002
4002
4003
4003
4003
4003
4004
4004
4006
4006
4007
4007
4009
4010
4010
4010
4011
4012
4012
4015
4018
4019
4019
4020
4020
4021
4022
4022
4024
4025
4025
4025
4026
4027
4028
4028
4029
4029
4030
4030
4030
4031
4031
4031
4032
4032
4032
4033
4033
4033
4034
4035
4035
4036
4036
4037
4038
4039
4039
4040
4040
4040
4040
4041
4041
4043
4044
4044
4045
4046
4046
4047
4047
4049
4050
4050
4052
4054
4055
4056
4056
4057
4057
4058
4059
4059
4059
4059
4060
4061
4061
4061
4061
4062
4063
4063
4063
4063
4064
4064
4066
4067
4067
4067
4068
4068
4068
4068
4069
4070
4071
4072
4072
4072
4073
4073
4073
4074
4075
4075
4076
4076
4077
4077
4077
4077
4077
4077
4079
4080
4081
4083
4083
4085
4086
4088
4088
4088
4089
4089
4090
4091
4091
4092
4093
4094
4094
4095
4098
4098
4098
4099
4101
4102
4102
4103
4103
4104
4105
4106
4107
4107
4108
4108
4108
4109
4111
4111
4113
4115
4115
4116
4116
4116
4118
4118
4119
4120
4122
4124
4125
4126
4126
4126
4127
4128
4128
4128
4128
4129
4130
4130
4131
4131
4131
4131
4132
4132
4133
4133
4134
4135
4135
4135
4136
4137
4137
4139
4139
4139
4141
4142
4142
4143
4143
4143
4144
4148
4151
4152
4152
4153
4154
4154
4155
4155
4155
4155
4155
4157
4158
4158
4158
4158
4159
4159
4160
4160
4160
4160
4161
4161
4162
4162
4163
4164
4164
4165
4165
4165
4167
4168
4170
4170
4173
4175
4175
4175
4176
4176
4177
4178
4178
4180
4180
4180
4181
4182
4183
4183
4184
4185
4185
4187
4188
4188
4188
4189
4189
4190
4191
4192
4193
4193
4196
4196
4197
4197
4197
4197
4199
4200
4201
4201
4202
4202
4202
4203
4203
4204
4204
4204
4204
4205
4205
4206
4206
4206
4206
4206
4207
4207
4207
4207
4208
4208
4208
4209
4209
4210
4212
4213
4214
4214
4215
4215
4216
4216
4216
4217
4219
4219
4220
4220
4221
4222
4222
4222
4222
4223
4223
4223
4223
4224
4225
4226
4226
4227
4227
4230
4231
4233
4233
4234
4234
4234
4235
4236
4236
4236
4237
4237
4237
4237
4239
4240
4240
4241
4242
4243
4243
4246
4246
4247
4247
4247
4248
4248
4250
4250
4251
4252
4254
4255
4256
4257
4257
4257
4257
4258
4260
4262
4262
4263
4263
4264
4264
4265
4266
4269
4270
4272
4272
4273
4273
4274
4275
4275
4276
4276
4276
4277
4277
4278
4278
4278
4280
4281
4282
4283
4283
4283
4284
4285
4287
4287
4288
4288
4290
4290
4293
4294
4294
4295
4296
4296
4296
4297
4298
4298
4299
4299
4299
4299
4299
4300
4300
4301
4304
4305
4305
4305
4307
4308
4309
4310
4310
4310
4311
4311
4312
4312
4312
4314
4316
4317
4317
4318
4319
4319
4320
4321
4321
4321
4321
4323
4323
4324
4325
4325
4325
4327
4327
4328
4328
4328
4328
4329
4329
4329
4330
4330
4330
4330
4331
4334
4336
4336
4337
4337
4339
4339
4340
4341
4341
4342
4342
4343
4343
4343
4343
4344
4344
4344
4344
4345
4346
4346
4346
4346
4347
4348
4348
4349
4349
4349
4349
4349
4350
4350
4351
4351
4351
4351
4352
4352
4353
4354
4354
4355
4356
4356
4358
4358
4359
4359
4359
4360
4361
4361
4361
4362
4362
4363
4363
4364
4364
4364
4366
4366
4367
4367
4368
4368
4368
4368
4369
4370
4370
4370
4371
4373
4373
4374
4374
4375
4376
4376
4377
4378
4378
4380
4380
4381
4382
4382
4382
4383
4383
4384
4384
4385
4385
4385
4386
4386
4387
4387
4387
4388
4389
4390
4392
4392
4393
4393
4395
4395
4399
4399
4399
4400
4400
4401
4403
4403
4405
4406
4407
4407
4408
4409
4411
4411
4412
4412
4413
4413
4414
4414
4415
4416
4417
4417
4418
4418
4418
4419
4420
4420
4421
4422
4423
4423
4425
4428
4428
4429
4429
4431
4432
4432
4432
4434
4434
4435
4435
4437
4438
4438
4438
4439
4439
4439
4440
4440
4440
4442
4442
4443
4443
4445
4445
4445
4446
4446
4448
4448
4449
4449
4451
4451
4451
4452
4453
4453
4458
4458
4459
4459
4460
4460
4460
4462
4463
4464
4464
4465
4466
4466
4467
4467
4467
4468
4470
4470
4471
4472
4472
4472
4476
4476
4477
4478
4480
4480
4480
4482
4482
4482
4483
4483
4483
4483
4484
4485
4485
4486
4486
4487
4489
4490
4491
4491
4491
4492
4493
4493
4493
4493
4493
4494
4495
4495
4495
4496
4496
4497
4497
4498
4498
4498
4498
4499
4499
4499
4500
4501
4501
4501
4503
4504
4505
4506
4507
4507
4507
4508
4508
4508
4508
4509
4510
4510
4511
4511
4512
4513
4514
4515
4515
4517
4517
4518
4519
4519
4519
4519
4520
4522
4523
4523
4526
4526
4528
4529
4530
4530
4532
4533
4533
4533
4533
4534
4535
4535
4535
4535
4539
4539
4539
4540
4541
4541
4543
4544
4544
4545
4545
4546
4546
4547
4547
4548
4549
4550
4550
4550
4550
4551
4552
4553
4554
4554
4555
4556
4557
4559
4560
4560
4560
4560
4561
4561
4561
4563
4564
4565
4565
4565
4566
4566
4566
4570
4574
4574
4574
4574
4575
4575
4575
4577
4577
4577
4578
4579
4581
4582
4582
4582
4584
4584
4585
4585
4586
4586
4587
4587
4588
4589
4590
4590
4591
4592
4593
4593
4594
4594
4596
4596
4596
4597
4598
4598
4598
4599
4599
4599
4600
4601
4601
4601
4603
4603
4603
4604
4604
4605
4605
4606
4606
4607
4607
4607
4608
4608
4609
4609
4610
4610
4611
4611
4611
4615
4615
4616
4616
4617
4617
4619
4619
4619
4620
4621
4621
4624
4624
4624
4625
4625
4626
4626
4626
4627
4627
4627
4628
4628
4629
4629
4629
4630
4632
4632
4634
4634
4635
4636
4636
4636
4638
4638
4638
4639
4640
4640
4641
4643
4644
4646
4647
4647
4647
4648
4648
4649
4650
4650
4651
4651
4655
4656
4656
4656
4657
4658
4659
4659
4660
4660
4661
4661
4661
4661
4662
4662
4662
4662
4662
4663
4663
4664
4664
4665
4665
4667
4667
4668
4668
4668
4668
4668
4669
4670
4670
4670
4671
4671
4672
4672
4673
4674
4675
4677
4678
4678
4678
4678
4678
4679
4680
4680
4681
4682
4682
4682
4683
4683
4683
4685
4685
4685
4686
4687
4687
4687
4687
4688
4688
4689
4689
4690
4690
4690
4693
4694
4694
4694
4694
4694
4694
4695
4696
4696
4696
4697
4697
4697
4697
4699
4699
4700
4701
4702
4702
4703
4704
4704
4704
4705
4705
4707
4709
4709
4710
4711
4715
4715
4715
4716
4716
4717
4717
4718
4718
4719
4719
4719
4722
4723
4723
4725
4725
4726
4727
4728
4730
4730
4731
4731
4732
4733
4734
4734
4735
4738
4738
4739
4740
4740
4740
4740
4741
4742
4743
4743
4743
4743
4744
4744
4744
4746
4746
4747
4748
4748
4748
4749
4749
4750
4751
4751
4751
4752
4753
4755
4756
4756
4757
4759
4759
4760
4761
4762
4763
4763
4764
4764
4764
4766
4767
4768
4768
4769
4770
4770
4771
4772
4772
4773
4774
4775
4775
4776
4776
4777
4779
4781
4781
4782
4782
4784
4784
4785
4786
4786
4786
4786
4787
4788
4788
4789
4789
4790
4790
4790
4791
4791
4791
4791
4791
4793
4794
4794
4795
4795
4796
4796
4797
4797
4797
4798
4798
4800
4800
4801
4801
4802
4803
4805
4806
4807
4807
4807
4808
4809
4809
4809
4810
4811
4811
4811
4811
4812
4816
4817
4818
4819
4819
4820
4820
4821
4821
4822
4823
4823
4824
4824
4825
4825
4825
4826
4826
4826
4827
4828
4829
4829
4829
4830
4830
4831
4831
4831
4831
4833
4834
4836
4837
4838
4839
4840
4841
4841
4843
4843
4846
4847
4848
4849
4849
4850
4851
4851
4852
4852
4853
4855
4855
4855
4857
4857
4858
4860
4860
4861
4862
4863
4863
4864
4865
4868
4869
4870
4870
4871
4871
4872
4874
4874
4875
4875
4875
4875
4876
4876
4876
4877
4877
4878
4878
4879
4879
4880
4881
4882
4882
4882
4882
4883
4883
4883
4884
4884
4887
4887
4889
4889
4889
4890
4891
4892
4894
4895
4896
4896
4896
4896
4897
4897
4898
4898
4899
4900
4901
4901
4902
4903
4903
4903
4903
4905
4905
4905
4906
4907
4908
4908
4909
4909
4910
4911
4914
4914
4915
4915
4917
4917
4919
4919
4920
4920
4920
4920
4921
4921
4921
4923
4924
4925
4926
4927
4927
4928
4928
4929
4929
4929
4929
4929
4931
4931
4932
4932
4932
4933
4933
4933
4934
4934
4934
4935
4935
4937
4938
4938
4938
4938
4939
4940
4941
4941
4942
4943
4943
4943
4945
4946
4946
4946
4947
4947
4948
4948
4951
4954
4955
4957
4958
4958
4958
4958
4959
4959
4960
4960
4961
4961
4962
4963
4963
4963
4963
4964
4964
4965
4966
4966
4966
4966
4966
4969
4970
4971
4974
4974
4974
4974
4975
4976
4976
4977
4978
4979
4979
4980
4981
4981
4981
4982
4983
4983
4984
4984
4984
4984
4986
4988
4989
4989
4990
4990
4991
4992
4994
4995
4996
4996
4996
4997
4999
4999
4999
5000
5000
5001
5002
5002
5002
5003
5003
5004
5006
5006
5006
5007
5008
5008
5008
5009
5009
5010
5010
5010
5010
5011
5011
5011
5012
5012
5013
5013
5013
5013
5014
5015
5016
5016
5016
5016
5017
5017
5018
5018
5019
5020
5020
5021
5022
5023
5026
5027
5027
5027
5028
5028
5029
5030
5030
5031
5031
5032
5032
5033
5033
5034
5034
5035
5035
5035
5039
5039
5039
5039
5039
5040
5040
5040
5040
5040
5043
5043
5045
5045
5049
5049
5050
5050
5051
5052
5052
5055
5055
5055
5056
5056
5056
5057
5058
5058
5059
5059
5060
5061
5061
5062
5063
5065
5067
5067
5067
5070
5071
5071
5072
5072
5072
5074
5075
5076
5076
5077
5077
5078
5078
5078
5078
5078
5079
5079
5080
5081
5081
5082
5082
5082
5082
5083
5084
5087
5087
5088
5088
5089
5089
5090
5090
5092
5093
5094
5095
5095
5095
5095
5096
5099
5099
5100
5100
5101
5101
5103
5103
5103
5104
5104
5105
5106
5106
5106
5106
5106
5107
5107
5108
5108
5109
5109
5109
5110
5111
5112
5113
5114
5115
5115
5115
5116
5117
5119
5119
5119
5119
5121
5121
5121
5122
5123
5123
5123
5124
5124
5125
5125
5125
5126
5127
5127
5127
5128
5128
5129
5130
5130
5131
5132
5132
5133
5133
5134
5135
5135
5137
5137
5138
5138
5139
5140
5142
5142
5143
5143
5144
5145
5145
5145
5145
5145
5145
5145
5146
5147
5147
5148
5148
5149
5150
5151
5152
5153
5154
5154
5154
5154
5156
5157
5157
5157
5158
5158
5158
5158
5159
5159
5160
5160
5161
5161
5161
5162
5162
5163
5163
5165
5166
5167
5168
5168
5169
5170
5171
5171
5172
5172
5172
5173
5174
5175
5175
5175
5175
5175
5175
5176
5176
5176
5177
5179
5180
5180
5180
5181
5181
5182
5184
5184
5185
5185
5186
5186
5186
5188
5189
5190
5190
5192
5193
5195
5195
5195
5196
5197
5198
5199
5199
5201
5201
5204
5204
5206
5206
5207
5207
5208
5208
5208
5212
5212
5212
5212
5213
5213
5213
5214
5214
5215
5215
5217
5217
5218
5219
5220
5221
5221
5221
5222
5223
5224
5225
5226
5226
5226
5229
5229
5230
5230
5230
5230
5230
5230
5230
5231
5231
5231
5231
5232
5232
5232
5233
5235
5235
5236
5237
5237
5238
5239
5240
5240
5242
5243
5243
5244
5244
5245
5246
5246
5247
5248
5250
5251
5251
5251
5253
5253
5253
5255
5256
5257
5257
5257
5258
5258
5258
5260
5261
5262
5262
5265
5265
5266
5266
5267
5267
5268
5269
5269
5270
5270
5270
5271
5271
5272
5272
5272
5273
5273
5274
5274
5275
5275
5275
5275
5276
5276
5277
5278
5278
5278
5279
5280
5281
5281
5282
5284
5285
5286
5286
5288
5289
5291
5292
5292
5293
5293
5293
5293
5293
5294
5294
5294
5295
5295
5295
5296
5298
5298
5298
5299
5299
5300
5300
5302
5303
5303
5303
5304
5304
5304
5306
5306
5307
5308
5308
5308
5308
5309
5309
5310
5311
5313
5313
5314
5314
5318
5318
5319
5320
5320
5321
5321
5321
5321
5321
5321
5321
5322
5322
5323
5324
5324
5324
5325
5326
5326
5326
5328
5328
5328
5329
5329
5329
5330
5332
5333
5333
5333
5335
5336
5336
5337
5337
5338
5339
5341
5341
5342
5343
5343
5347
5349
5350
5351
5353
5354
5355
5357
5358
5358
5358
5358
5359
5360
5360
5361
5361
5362
5362
5363
5364
5364
5365
5366
5366
5366
5366
5367
5368
5368
5368
5370
5370
5371
5372
5372
5373
5374
5375
5375
5376
5376
5379
5379
5380
5380
5381
5381
5382
5382
5383
5383
5384
5384
5384
5385
5385
5386
5387
5388
5390
5390
5392
5393
5394
5394
5395
5396
5398
5399
5400
5400
5401
5402
5403
5403
5404
5405
5406
5406
5406
5406
5407
5407
5407
5408
5408
5409
5409
5412
5413
5413
5414
5414
5415
5415
5415
5416
5416
5417
5417
5418
5419
5420
5420
5421
5421
5423
5424
5426
5426
5427
5427
5428
5428
5429
5429
5430
5432
5433
5433
5435
5435
5435
5436
5437
5438
5439
5439
5439
5440
5441
5442
5442
5442
5443
5445
5446
5447
5447
5448
5448
5448
5448
5448
5448
5448
5452
5455
5455
5455
5456
5458
5459
5459
5460
5460
5463
5463
5464
5465
5465
5466
5467
5467
5469
5469
5471
5471
5471
5472
5472
5473
5474
5475
5476
5476
5476
5477
5478
5479
5480
5480
5480
5480
5481
5481
5482
5482
5483
5484
5484
5484
5485
5485
5488
5489
5489
5490
5490
5492
5492
5493
5494
5495
5495
5496
5497
5498
5498
5498
5499
5500
5500
5500
5500
5500
5503
5504
5504
5504
5505
5506
5506
5507
5507
5507
5507
5508
5509
5509
5509
5511
5512
5512
5513
5513
5514
5515
5516
5518
5519
5519
5520
5520
5520
5520
5521
5523
5523
5523
5524
5525
5525
5525
5526
5527
5527
5529
5529
5530
5531
5532
5532
5532
5532
5533
5533
5533
5534
5534
5535
5535
5536
5537
5537
5539
5540
5540
5540
5541
5541
5541
5543
5544
5547
5551
5551
5552
5552
5552
5553
5553
5554
5554
5555
5556
5556
5558
5558
5558
5559
5559
5559
5559
5562
5562
5563
5564
5564
5566
5567
5569
5569
5569
5569
5569
5570
5571
5571
5571
5571
5572
5573
5573
5574
5575
5575
5575
5576
5577
5577
5577
5579
5580
5580
5580
5580
5581
5581
5582
5582
5583
5587
5587
5588
5588
5588
5588
5588
5590
5590
5592
5593
5595
5595
5595
5595
5597
5597
5598
5598
5599
5600
5601
5602
5603
5603
5604
5604
5607
5607
5607
5608
5608
5609
5609
5609
5610
5610
5610
5611
5611
5612
5612
5613
5613
5614
5614
5615
5616
5616
5617
5618
5618
5619
5620
5620
5620
5621
5623
5623
5624
5624
5625
5627
5627
5627
5628
5629
5630
5631
5632
5632
5633
5634
5634
5635
5635
5636
5636
5638
5639
5639
5639
5640
5641
5642
5642
5643
5644
5645
5645
5647
5648
5648
5648
5650
5651
5651
5652
5652
5654
5654
5656
5656
5656
5656
5660
5661
5661
5661
5662
5663
5664
5665
5665
5665
5665
5666
5666
5666
5666
5667
5667
5667
5667
5669
5669
5669
5670
5671
5671
5673
5674
5674
5675
5676
5676
5677
5677
5677
5678
5678
5679
5679
5679
5680
5680
5680
5681
5682
5684
5685
5686
5686
5687
5688
5688
5689
5689
5690
5690
5691
5691
5692
5693
5693
5694
5696
5696
5696
5696
5696
5697
5698
5698
5699
5699
5699
5700
5701
5701
5701
5701
5702
5702
5702
5703
5704
5705
5705
5705
5707
5707
5708
5708
5709
5711
5712
5713
5713
5714
5715
5715
5715
5716
5716
5716
5716
5716
5716
5717
5718
5718
5718
5719
5721
5721
5721
5723
5723
5723
5724
5725
5725
5727
5727
5727
5727
5727
5728
5728
5728
5729
5729
5730
5731
5731
5733
5733
5734
5735
5736
5736
5738
5739
5739
5739
5740
5740
5741
5741
5742
5742
5742
5743
5743
5743
5744
5746
5747
5747
5747
5749
5750
5751
5752
5753
5754
5755
5756
5756
5756
5758
5758
5761
5762
5762
5762
5762
5762
5764
5764
5764
5764
5765
5765
5765
5766
5766
5766
5766
5767
5767
5768
5768
5770
5770
5771
5771
5772
5772
5773
5773
5773
5773
5774
5774
5774
5775
5775
5775
5776
5776
5777
5777
5779
5779
5780
5781
5781
5782
5784
5784
5785
5786
5786
5788
5788
5789
5790
5790
5790
5791
5792
5793
5794
5795
5795
5796
5798
5799
5799
5801
5803
5805
5805
5806
5806
5806
5806
5810
5811
5811
5812
5813
5814
5814
5817
5817
5817
5817
5818
5818
5818
5818
5819
5820
5820
5820
5823
5823
5823
5824
5826
5827
5827
5830
5830
5832
5832
5833
5834
5834
5835
5836
5836
5838
5838
5839
5839
5839
5840
5840
5840
5841
5843
5843
5843
5843
5843
5844
5844
5844
5845
5845
5847
5848
5849
5850
5850
5850
5850
5851
5853
5854
5854
5855
5855
5856
5856
5856
5856
5857
5857
5860
5860
5861
5861
5861
5862
5863
5864
5866
5866
5866
5867
5867
5867
5867
5868
5868
5868
5868
5868
5870
5871
5871
5872
5874
5874
5874
5874
5876
5876
5878
5879
5879
5879
5880
5880
5881
5882
5883
5883
5884
5884
5884
5885
5886
5886
5886
5887
5887
5889
5889
5891
5891
5892
5892
5893
5893
5893
5893
5894
5895
5895
5895
5897
5897
5898
5900
5900
5901
5902
5903
5904
5904
5904
5905
5906
5907
5907
5907
5909
5910
5911
5912
5913
5914
5914
5914
5914
5916
5916
5916
5917
5917
5918
5919
5919
5919
5919
5921
5921
5921
5921
5922
5922
5922
5922
5923
5925
5925
5927
5927
5927
5927
5928
5928
5929
5929
5930
5930
5931
5931
5933
5933
5933
5933
5935
5935
5936
5936
5936
5937
5937
5938
5938
5938
5939
5940
5942
5942
5943
5943
5943
5945
5947
5949
5950
5950
5951
5952
5952
5953
5954
5954
5954
5955
5956
5956
5956
5956
5959
5960
5960
5960
5961
5961
5961
5961
5962
5962
5963
5964
5964
5964
5964
5966
5966
5967
5970
5970
5971
5971
5971
5973
5974
5975
5976
5976
5977
5977
5980
5980
5981
5981
5982
5982
5983
5983
5984
5984
5985
5986
5987
5988
5991
5993
5994
5996
5996
5997
5997
6000
6000
6001
6001
6002
6002
6003
6003
6004
6004
6005
6005
6007
6007
6007
6008
6009
6009
6011
6012
6012
6013
6013
6014
6016
6016
6017
6017
6017
6018
6018
6018
6019
6019
6019
6019
6019
6021
6021
6021
6022
6022
6023
6023
6023
6023
6024
6024
6025
6025
6026
6026
6027
6027
6027
6027
6028
6028
6028
6029
6029
6030
6030
6030
6031
6031
6031
6032
6032
6032
6033
6033
6033
6034
6035
6035
6035
6035
6036
6039
6039
6040
6040
6040
6041
6042
6042
6042
6044
6045
6045
6046
6046
6048
6048
6048
6050
6050
6052
6053
6053
6053
6053
6054
6057
6057
6058
6059
6060
6060
6061
6061
6061
6062
6062
6064
6065
6069
6069
6069
6069
6069
6069
6070
6070
6070
6071
6071
6071
6072
6072
6073
6073
6073
6073
6074
6075
6076
6080
6080
6081
6081
6081
6082
6082
6082
6083
6084
6085
6086
6087
6087
6088
6089
6089
6089
6092
6093
6093
6093
6093
6094
6095
6095
6095
6096
6096
6097
6097
6097
6099
6100
6100
6101
6101
6101
6102
6103
6103
6104
6104
6105
6107
6109
6109
6109
6109
6110
6111
6111
6111
6111
6113
6113
6114
6114
6116
6117
6117
6117
6117
6118
6119
6119
6119
6120
6120
6121
6121
6122
6125
6125
6126
6127
6128
6128
6129
6129
6130
6131
6131
6131
6131
6132
6132
6132
6132
6134
6134
6135
6135
6135
6135
6136
6136
6137
6138
6138
6138
6139
6140
6140
6140
6141
6141
6141
6143
6143
6143
6144
6144
6147
6147
6147
6147
6148
6148
6148
6148
6149
6150
6152
6155
6155
6155
6155
6155
6156
6157
6158
6158
6159
6160
6160
6161
6161
6163
6163
6165
6166
6166
6167
6167
6169
6169
6169
6169
6172
6172
6173
6174
6175
6175
6178
6179
6180
6181
6181
6181
6183
6183
6183
6184
6184
6185
6185
6185
6187
6188
6188
6189
6189
6189
6190
6190
6190
6191
6191
6194
6194
6195
6197
6198
6198
6199
6199
6200
6200
6201
6203
6204
6204
6205
6207
6207
6209
6209
6209
6210
6213
6215
6215
6215
6216
6216
6218
6221
6221
6221
6222
6222
6222
6222
6222
6223
6223
6224
6224
6225
6225
6226
6226
6226
6227
6227
6228
6229
6230
6231
6232
6232
6232
6232
6233
6233
6233
6234
6234
6234
6236
6236
6236
6237
6238
6239
6241
6241
6241
6242
6243
6244
6244
6244
6245
6245
6247
6247
6250
6250
6250
6251
6251
6251
6252
6252
6253
6253
6254
6254
6255
6255
6256
6258
6258
6258
6259
6259
6259
6260
6260
6262
6262
6262
6263
6264
6264
6264
6264
6264
6265
6266
6267
6267
6267
6268
6268
6269
6270
6270
6270
6271
6272
6273
6274
6275
6275
6276
6277
6277
6278
6278
6278
6279
6279
6279
6280
6280
6280
6281
6281
6282
6283
6284
6284
6285
6286
6288
6291
6292
6292
6292
6293
6293
6294
6295
6295
6298
6298
6298
6300
6300
6302
6303
6304
6304
6304
6306
6306
6307
6308
6308
6308
6309
6309
6310
6310
6310
6310
6311
6311
6312
6312
6313
6313
6314
6316
6316
6318
6318
6318
6319
6319
6319
6320
6320
6320
6321
6321
6321
6321
6324
6324
6325
6325
6325
6326
6326
6326
6327
6327
6327
6328
6328
6328
6330
6331
6332
6332
6333
6334
6334
6335
6335
6336
6336
6337
6337
6337
6337
6338
6338
6338
6339
6340
6341
6341
6341
6341
6342
6343
6343
6345
6345
6346
6346
6347
6348
6348
6348
6349
6349
6351
6353
6354
6355
6356
6356
6356
6357
6357
6358
6358
6359
6359
6360
6360
6361
6362
6363
6364
6366
6367
6367
6368
6369
6369
6371
6371
6372
6373
6373
6373
6374
6375
6376
6377
6378
6378
6380
6381
6382
6382
6382
6383
6383
6383
6384
6384
6384
6384
6385
6386
6387
6387
6390
6391
6392
6393
6394
6395
6396
6396
6398
6399
6399
6399
6401
6402
6402
6402
6404
6404
6405
6405
6405
6405
6406
6407
6409
6410
6410
6410
6411
6411
6412
6412
6412
6414
6415
6417
6420
6420
6420
6421
6423
6423
6423
6424
6424
6424
6425
6425
6425
6426
6427
6427
6428
6430
6430
6432
6432
6432
6434
6435
6437
6437
6437
6437
6438
6439
6439
6439
6440
6440
6441
6441
6441
6442
6442
6442
6442
6445
6445
6446
6447
6447
6448
6448
6449
6450
6450
6450
6450
6452
6452
6453
6454
6454
6457
6458
6460
6461
6462
6462
6464
6464
6464
6465
6467
6467
6468
6468
6468
6469
6469
6470
6471
6471
6472
6473
6474
6475
6475
6476
6476
6477
6479
6479
6480
6480
6481
6481
6481
6482
6482
6483
6484
6486
6488
6488
6488
6490
6490
6491
6491
6492
6493
6493
6494
6495
6496
6497
6497
6497
6498
6499
6501
6502
6502
6503
6504
6504
6504
6505
6506
6506
6508
6509
6511
6511
6513
6513
6514
6514
6515
6515
6516
6516
6517
6518
6519
6519
6519
6521
6521
6521
6522
6522
6522
6522
6523
6524
6524
6527
6527
6529
6529
6529
6530
6531
6531
6532
6532
6533
6533
6533
6534
6537
6537
6537
6538
6538
6540
6541
6543
6545
6546
6546
6546
6549
6549
6551
6552
6552
6553
6553
6554
6554
6555
6556
6556
6556
6557
6557
6557
6558
6560
6560
6560
6561
6562
6562
6563
6563
6564
6565
6565
6565
6565
6565
6566
6567
6567
6568
6568
6569
6570
6571
6572
6574
6574
6575
6578
6578
6579
6580
6580
6580
6580
6581
6583
6585
6585
6586
6587
6587
6587
6587
6588
6589
6589
6590
6590
6591
6591
6593
6593
6593
6593
6594
6594
6595
6596
6596
6596
6596
6596
6597
6598
6599
6600
6601
6601
6601
6602
6603
6605
6605
6605
6605
6606
6606
6607
6608
6608
6609
6609
6610
6611
6611
6612
6613
6613
6613
6613
6615
6616
6617
6617
6618
6618
6619
6620
6621
6621
6621
6623
6623
6624
6624
6625
6626
6626
6627
6627
6627
6628
6629
6630
6630
6631
6631
6632
6632
6632
6632
6633
6634
6635
6636
6636
6637
6639
6639
6640
6640
6641
6642
6643
6643
6647
6648
6649
6649
6650
6650
6651
6651
6651
6652
6653
6654
6654
6655
6656
6658
6660
6660
6660
6660
6660
6661
6662
6662
6663
6663
6663
6664
6664
6666
6669
6669
6670
6671
6672
6672
6672
6674
6674
6674
6677
6678
6679
6679
6680
6680
6681
6682
6682
6682
6683
6686
6687
6687
6689
6689
6690
6690
6691
6691
6691
6692
6693
6693
6694
6695
6695
6696
6697
6697
6698
6699
6699
6700
6700
6701
6701
6702
6702
6703
6704
6704
6705
6705
6706
6707
6707
6707
6708
6708
6708
6708
6709
6709
6710
6712
6712
6713
6713
6714
6715
6715
6716
6717
6718
6719
6719
6719
6721
6723
6723
6723
6724
6725
6726
6728
6728
6728
6729
6730
6730
6731
6731
6731
6733
6734
6735
6735
6735
6736
6738
6738
6740
6740
6740
6740
6742
6742
6742
6743
6744
6744
6745
6745
6745
6748
6748
6749
6750
6750
6750
6750
6750
6751
6751
6753
6754
6754
6754
6754
6754
6755
6755
6755
6756
6756
6758
6758
6758
6759
6759
6760
6760
6762
6763
6763
6765
6766
6766
6766
6768
6768
6769
6770
6770
6770
6770
6770
6771
6773
6774
6774
6775
6775
6776
6777
6777
6778
6778
6778
6779
6780
6780
6780
6781
6781
6782
6783
6783
6784
6784
6784
6784
6786
6787
6787
6787
6788
6789
6790
6790
6791
6792
6793
6793
6793
6793
6794
6796
6796
6797
6798
6800
6800
6800
6801
6801
6801
6802
6803
6804
6807
6808
6808
6812
6812
6813
6813
6814
6814
6814
6815
6815
6815
6817
6817
6818
6818
6819
6819
6820
6820
6820
6821
6821
6822
6825
6825
6825
6826
6827
6827
6827
6827
6828
6828
6828
6829
6829
6831
6833
6833
6833
6834
6834
6834
6835
6835
6837
6838
6839
6840
6841
6843
6845
6845
6846
6846
6846
6847
6847
6848
6850
6850
6850
6850
6850
6853
6853
6853
6854
6856
6857
6857
6858
6859
6859
6861
6861
6861
6861
6863
6863
6863
6864
6864
6865
6865
6865
6865
6866
6866
6867
6867
6867
6868
6869
6871
6871
6872
6872
6873
6873
6873
6873
6874
6874
6875
6876
6878
6879
6881
6882
6882
6883
6884
6885
6886
6887
6889
6889
6890
6892
6892
6893
6894
6895
6897
6898
6899
6899
6899
6899
6900
6901
6901
6903
6906
6908
6909
6909
6909
6909
6909
6911
6911
6912
6912
6913
6914
6915
6915
6916
6916
6916
6918
6918
6919
6921
6921
6923
6924
6924
6925
6925
6926
6926
6927
6928
6928
6930
6931
6931
6932
6933
6933
6933
6934
6934
6934
6934
6935
6936
6936
6936
6937
6937
6938
6938
6939
6940
6940
6940
6941
6942
6943
6943
6943
6945
6948
6950
6951
6951
6952
6953
6954
6957
6960
6960
6961
6961
6962
6962
6962
6962
6964
6964
6966
6966
6967
6967
6967
6967
6967
6968
6969
6969
6970
6971
6972
6974
6975
6975
6975
6978
6978
6978
6979
6980
6981
6981
6981
6982
6983
6983
6983
6985
6986
6987
6987
6987
6987
6987
6987
6988
6988
6989
6990
6990
6991
6991
6992
6992
6992
6992
6993
6994
6994
6995
6995
6995
6995
6996
6996
6997
6998
6998
6998
6999
6999
6999
7000
7000
7000
7001
7003
7003
7003
7003
7004
7004
7004
7006
7006
7007
7009
7009
7009
7010
7011
7011
7011
7011
7012
7012
7013
7013
7013
7015
7015
7016
7016
7016
7016
7017
7017
7017
7017
7017
7018
7020
7020
7020
7020
7021
7021
7021
7021
7022
7022
7023
7023
7025
7025
7025
7026
7026
7026
7027
7027
7027
7027
7027
7029
7031
7031
7031
7031
7032
7032
7032
7033
7034
7034
7035
7036
7036
7037
7037
7038
7038
7042
7043
7044
7045
7045
7046
7046
7047
7047
7049
7049
7050
7050
7051
7051
7052
7052
7053
7053
7054
7054
7055
7055
7057
7057
7058
7058
7059
7059
7060
7060
7060
7061
7062
7063
7064
7065
7067
7068
7069
7069
7070
7070
7071
7071
7072
7073
7073
7073
7074
7074
7076
7076
7077
7077
7077
7077
7078
7079
7079
7079
7079
7079
7080
7080
7080
7080
7081
7082
7082
7082
7083
7083
7084
7086
7088
7089
7089
7090
7090
7091
7091
7092
7092
7092
7092
7092
7093
7093
7094
7094
7094
7095
7095
7095
7096
7096
7096
7096
7096
7096
7097
7098
7099
7099
7100
7102
7102
7104
7105
7105
7105
7107
7107
7107
7108
7108
7110
7110
7111
7112
7113
7114
7114
7114
7114
7115
7116
7116
7116
7116
7117
7118
7118
7119
7120
7120
7121
7122
7122
7123
7124
7126
7126
7127
7128
7128
7129
7130
7131
7131
7132
7135
7135
7137
7137
7138
7139
7139
7139
7139
7140
7140
7140
7141
7142
7142
7142
7142
7143
7143
7144
7144
7145
7145
7145
7146
7146
7146
7147
7148
7148
7148
7149
7151
7152
7153
7155
7157
7160
7160
7161
7162
7163
7164
7164
7166
7166
7166
7167
7167
7169
7170
7171
7171
7173
7176
7177
7177
7177
7177
7178
7180
7180
7180
7181
7181
7181
7181
7182
7182
7182
7182
7183
7183
7185
7185
7185
7185
7186
7187
7187
7190
7190
7192
7192
7194
7194
7194
7195
7196
7196
7196
7196
7197
7197
7198
7200
7200
7201
7202
7203
7206
7206
7206
7206
7206
7207
7210
7211
7212
7212
7212
7212
7213
7213
7214
7215
7216
7217
7219
7219
7219
7221
7221
7222
7224
7227
7227
7228
7228
7228
7229
7229
7230
7230
7230
7232
7232
7233
7233
7233
7234
7234
7235
7235
7236
7237
7237
7238
7239
7239
7240
7240
7242
7243
7243
7244
7247
7249
7250
7251
7252
7253
7253
7254
7255
7255
7256
7257
7257
7258
7259
7259
7260
7263
7263
7263
7263
7263
7264
7264
7264
7266
7266
7266
7269
7269
7271
7273
7274
7274
7276
7278
7278
7279
7280
7280
7281
7282
7282
7283
7284
7284
7285
7285
7285
7286
7286
7287
7287
7287
7288
7288
7288
7288
7289
7290
7292
7292
7293
7294
7294
7294
7295
7295
7297
7298
7298
7299
7299
7300
7300
7301
7301
7303
7303
7304
7304
7305
7306
7306
7307
7310
7311
7312
7312
7312
7313
7314
7315
7315
7315
7316
7317
7317
7318
7319
7319
7320
7321
7324
7324
7325
7325
7325
7325
7325
7326
7327
7329
7330
7330
7330
7332
7332
7332
7333
7333
7333
7334
7335
7336
7336
7336
7338
7338
7339
7339
7341
7341
7343
7343
7344
7344
7344
7346
7346
7346
7346
7348
7348
7348
7350
7351
7351
7353
7353
7353
7353
7353
7354
7354
7354
7354
7355
7356
7357
7357
7357
7357
7357
7358
7358
7358
7360
7360
7361
7362
7362
7362
7363
7363
7363
7366
7366
7367
7367
7368
7368
7368
7369
7369
7369
7370
7373
7374
7376
7376
7378
7380
7380
7382
7382
7383
7383
7384
7385
7386
7387
7387
7387
7388
7388
7388
7388
7390
7391
7391
7391
7391
7392
7393
7394
7394
7394
7395
7395
7395
7396
7397
7397
7397
7398
7398
7399
7399
7400
7400
7401
7401
7401
7401
7402
7404
7405
7405
7407
7407
7407
7407
7408
7408
7408
7410
7410
7411
7412
7413
7414
7414
7416
7416
7418
7421
7421
7423
7423
7423
7423
7423
7424
7425
7425
7426
7426
7427
7427
7427
7427
7428
7430
7430
7433
7434
7434
7434
7434
7435
7435
7437
7438
7438
7438
7438
7439
7440
7440
7441
7441
7442
7442
7442
7442
7443
7443
7443
7444
7445
7445
7446
7447
7448
7448
7449
7450
7451
7452
7453
7453
7453
7454
7459
7459
7460
7461
7461
7462
7462
7463
7463
7464
7464
7464
7464
7465
7465
7466
7466
7467
7469
7469
7471
7471
7471
7473
7473
7474
7475
7478
7478
7479
7479
7480
7480
7482
7482
7483
7483
7483
7483
7484
7485
7486
7486
7488
7488
7489
7490
7490
7491
7492
7493
7496
7496
7496
7497
7497
7497
7498
7498
7499
7500
7500
7500
7500
7501
7503
7503
7505
7506
7506
7507
7507
7508
7509
7509
7509
7509
7510
7511
7511
7512
7512
7512
7513
7513
7513
7513
7514
7516
7516
7520
7520
7520
7520
7521
7521
7521
7521
7525
7526
7526
7528
7528
7528
7528
7529
7529
7529
7530
7530
7531
7532
7532
7532
7533
7533
7534
7534
7534
7535
7536
7538
7540
7540
7540
7541
7541
7542
7544
7544
7546
7548
7548
7549
7550
7551
7551
7551
7552
7552
7553
7553
7554
7554
7554
7554
7555
7555
7555
7556
7556
7557
7557
7561
7562
7562
7563
7563
7564
7564
7566
7567
7567
7568
7569
7571
7571
7571
7571
7574
7574
7574
7574
7576
7576
7578
7579
7580
7580
7581
7583
7583
7584
7584
7585
7586
7588
7589
7590
7591
7591
7593
7593
7594
7597
7598
7598
7599
7599
7600
7602
7602
7602
7603
7603
7603
7603
7604
7604
7604
7606
7606
7607
7609
7611
7611
7611
7611
7612
7613
7613
7613
7614
7616
7616
7616
7618
7621
7621
7622
7623
7623
7625
7625
7627
7627
7627
7627
7628
7628
7628
7629
7629
7629
7630
7630
7631
7633
7634
7635
7635
7635
7635
7636
7637
7638
7638
7640
7641
7641
7642
7643
7644
7644
7644
7645
7645
7647
7647
7648
7650
7650
7650
7651
7651
7653
7653
7654
7654
7655
7655
7656
7657
7658
7659
7660
7661
7661
7662
7662
7663
7663
7663
7663
7663
7664
7664
7665
7666
7667
7668
7669
7669
7669
7670
7670
7670
7670
7671
7671
7671
7672
7672
7673
7674
7675
7675
7676
7676
7676
7677
7678
7682
7682
7682
7683
7683
7683
7684
7686
7686
7686
7687
7687
7688
7690
7691
7691
7692
7693
7693
7693
7694
7694
7694
7695
7698
7698
7699
7699
7700
7701
7702
7702
7702
7702
7702
7705
7705
7705
7706
7706
7707
7710
7710
7711
7712
7712
7712
7713
7714
7714
7715
7716
7717
7719
7720
7720
7720
7721
7721
7722
7722
7723
7725
7727
7728
7728
7729
7729
7729
7729
7730
7730
7730
7731
7731
7732
7733
7734
7735
7735
7735
7736
7736
7736
7737
7737
7739
7739
7740
7740
7740
7741
7742
7742
7743
7744
7744
7745
7745
7745
7745
7745
7745
7746
7746
7748
7748
7749
7749
7749
7749
7751
7751
7751
7752
7752
7752
7753
7754
7754
7755
7755
7756
7756
7756
7757
7757
7757
7760
7761
7761
7762
7762
7763
7763
7763
7764
7765
7766
7767
7767
7768
7768
7768
7768
7769
7769
7769
7770
7770
7770
7771
7772
7774
7774
7775
7776
7776
7776
7778
7779
7780
7782
7783
7783
7784
7784
7785
7786
7786
7787
7788
7789
7790
7792
7792
7792
7792
7793
7793
7795
7796
7796
7797
7797
7797
7799
7802
7802
7803
7804
7804
7805
7806
7806
7807
7807
7808
7809
7811
7811
7811
7812
7812
7812
7813
7814
7814
7814
7814
7814
7815
7816
7817
7818
7818
7819
7820
7822
7822
7823
7824
7824
7825
7825
7827
7827
7828
7829
7829
7829
7830
7831
7831
7832
7833
7833
7834
7834
7834
7835
7835
7835
7836
7838
7838
7838
7840
7840
7841
7843
7843
7845
7846
7848
7848
7848
7849
7849
7852
7855
7855
7856
7856
7856
7858
7858
7858
7859
7860
7860
7861
7861
7862
7862
7864
7865
7866
7866
7867
7867
7867
7868
7870
7871
7872
7872
7873
7873
7873
7874
7875
7875
7876
7876
7879
7879
7879
7881
7882
7884
7884
7884
7884
7885
7886
7886
7887
7888
7888
7889
7890
7890
7891
7892
7893
7893
7893
7893
7894
7895
7895
7896
7897
7898
7899
7899
7899
7900
7900
7902
7903
7904
7905
7905
7905
7906
7906
7907
7908
7908
7908
7908
7909
7909
7910
7911
7911
7912
7912
7914
7914
7914
7918
7918
7919
7919
7920
7921
7921
7921
7922
7922
7923
7925
7925
7925
7925
7929
7929
7931
7931
7931
7931
7931
7931
7932
7932
7933
7933
7933
7933
7934
7934
7935
7936
7936
7937
7937
7939
7941
7941
7943
7945
7946
7946
7946
7947
7947
7947
7947
7949
7949
7951
7951
7951
7953
7954
7954
7955
7955
7955
7957
7958
7960
7961
7962
7962
7962
7964
7965
7965
7965
7965
7967
7967
7968
7968
7968
7969
7969
7969
7970
7971
7971
7971
7973
7973
7973
7974
7975
7975
7976
7976
7978
7978
7978
7978
7978
7979
7981
7982
7982
7986
7988
7988
7988
7988
7989
7991
7991
7992
7993
7994
7994
7994
7995
7996
7997
7997
7999
8001
8001
8001
8002
8002
8002
8004
8005
8005
8005
8005
8006
8007
8008
8010
8011
8011
8011
8012
8012
8012
8013
8017
8017
8017
8018
8018
8018
8018
8018
8019
8019
8020
8021
8021
8021
8021
8021
8022
8023
8024
8024
8024
8024
8026
8026
8027
8028
8028
8029
8029
8030
8030
8031
8031
8031
8031
8031
8032
8032
8032
8032
8032
8033
8033
8034
8034
8034
8034
8034
8034
8038
8038
8042
8042
8043
8043
8044
8044
8045
8045
8046
8046
8046
8046
8047
8047
8048
8048
8049
8050
8051
8052
8053
8053
8054
8055
8055
8055
8056
8057
8058
8058
8059
8059
8061
8061
8062
8062
8063
8065
8065
8066
8067
8067
8068
8069
8069
8071
8071
8071
8071
8072
8072
8073
8073
8074
8075
8075
8076
8076
8076
8076
8077
8077
8077
8078
8078
8078
8080
8082
8082
8083
8083
8084
8085
8086
8087
8088
8088
8089
8089
8089
8089
8089
8090
8090
8090
8092
8092
8093
8094
8095
8095
8095
8095
8097
8097
8098
8099
8099
8100
8100
8101
8103
8104
8104
8104
8104
8105
8105
8105
8107
8107
8107
8108
8109
8109
8109
8109
8109
8110
8110
8110
8110
8111
8112
8112
8114
8117
8118
8119
8119
8119
8120
8120
8121
8121
8121
8122
8123
8124
8125
8126
8126
8126
8127
8128
8129
8130
8130
8131
8131
8132
8133
8133
8133
8134
8135
8135
8136
8136
8137
8138
8138
8138
8138
8140
8140
8142
8142
8142
8143
8144
8144
8145
8146
8148
8148
8149
8149
8150
8150
8151
8152
8153
8153
8154
8155
8157
8161
8162
8162
8163
8164
8164
8164
8165
8165
8166
8167
8167
8167
8167
8168
8168
8169
8170
8171
8171
8172
8172
8173
8173
8174
8175
8175
8176
8176
8177
8179
8181
8181
8182
8182
8183
8184
8184
8185
8185
8186
8186
8188
8188
8189
8189
8190
8190
8192
8193
8193
8193
8194
8194
8194
8194
8195
8195
8195
8197
8197
8198
8201
8201
8202
8202
8203
8203
8204
8204
8204
8206
8206
8207
8207
8207
8207
8207
8209
8209
8209
8210
8210
8211
8212
8212
8213
8213
8214
8214
8214
8216
8217
8218
8218
8218
8219
8220
8220
8221
8223
8223
8224
8224
8224
8225
8225
8225
8226
8227
8227
8227
8228
8229
8230
8231
8231
8231
8231
8232
8232
8234
8234
8235
8235
8235
8235
8237
8238
8239
8240
8241
8241
8241
8243
8243
8245
8246
8248
8249
8249
8250
8251
8254
8254
8255
8255
8255
8256
8256
8257
8257
8258
8258
8259
8259
8260
8260
8261
8261
8261
8262
8262
8263
8264
8264
8265
8265
8265
8266
8266
8267
8267
8269
8269
8270
8271
8271
8272
8273
8274
8276
8276
8276
8276
8278
8279
8279
8281
8281
8281
8281
8283
8283
8285
8287
8287
8287
8289
8289
8290
8290
8291
8291
8291
8291
8292
8293
8293
8293
8293
8297
8297
8298
8299
8300
8300
8301
8302
8302
8303
8304
8304
8304
8306
8306
8309
8309
8309
8309
8310
8312
8313
8313
8314
8315
8315
8315
8315
8315
8316
8317
8317
8320
8320
8320
8320
8321
8322
8323
8323
8324
8324
8325
8326
8326
8326
8326
8327
8327
8328
8329
8329
8332
8332
8332
8334
8335
8335
8335
8335
8336
8336
8336
8336
8336
8337
8337
8339
8340
8340
8340
8340
8341
8341
8341
8342
8343
8345
8346
8346
8347
8347
8347
8347
8348
8349
8349
8350
8352
8356
8357
8358
8358
8358
8359
8360
8361
8362
8363
8363
8363
8363
8363
8363
8364
8367
8367
8368
8369
8370
8371
8374
8374
8374
8375
8377
8379
8380
8382
8383
8383
8384
8384
8385
8385
8385
8385
8385
8387
8389
8392
8393
8394
8394
8394
8394
8395
8396
8397
8397
8397
8398
8399
8401
8401
8401
8401
8403
8403
8403
8405
8406
8407
8407
8408
8408
8408
8409
8410
8411
8411
8412
8412
8413
8413
8413
8413
8415
8415
8416
8416
8417
8417
8419
8420
8422
8422
8423
8423
8423
8424
8426
8427
8427
8427
8428
8428
8429
8429
8429
8431
8431
8431
8432
8433
8434
8434
8434
8434
8435
8435
8437
8437
8438
8438
8439
8440
8441
8441
8442
8445
8446
8447
8447
8448
8448
8448
8449
8449
8450
8450
8450
8451
8451
8451
8452
8452
8452
8453
8453
8453
8454
8454
8455
8457
8458
8460
8461
8463
8465
8466
8466
8467
8467
8467
8468
8468
8469
8469
8471
8471
8472
8472
8473
8473
8473
8473
8475
8475
8475
8476
8477
8478
8479
8480
8482
8482
8483
8484
8484
8484
8485
8485
8485
8488
8488
8488
8488
8488
8488
8489
8489
8491
8493
8493
8495
8495
8495
8495
8496
8496
8496
8497
8498
8498
8499
8500
8501
8501
8502
8502
8503
8504
8504
8505
8506
8506
8506
8507
8507
8507
8507
8508
8509
8511
8511
8512
8512
8513
8513
8513
8514
8516
8516
8516
8517
8517
8518
8518
8523
8523
8524
8524
8525
8525
8526
8526
8526
8527
8527
8528
8529
8529
8529
8529
8529
8530
8530
8531
8532
8532
8533
8533
8533
8533
8533
8533
8535
8536
8537
8537
8537
8537
8538
8539
8540
8540
8540
8541
8541
8541
8542
8542
8542
8543
8545
8545
8545
8546
8546
8546
8548
8548
8548
8549
8549
8550
8551
8552
8552
8553
8554
8554
8554
8554
8554
8555
8555
8555
8556
8556
8556
8558
8558
8559
8559
8559
8560
8561
8562
8562
8564
8564
8565
8566
8566
8567
8569
8570
8570
8570
8570
8570
8571
8571
8572
8572
8573
8574
8575
8575
8575
8576
8577
8578
8579
8579
8581
8582
8582
8583
8583
8583
8584
8585
8585
8586
8586
8586
8587
8587
8588
8588
8590
8592
8592
8593
8593
8594
8594
8595
8596
8598
8599
8600
8600
8600
8600
8601
8604
8604
8604
8605
8607
8608
8608
8608
8609
8609
8609
8610
8610
8610
8611
8612
8613
8613
8614
8614
8615
8616
8616
8616
8618
8618
8619
8620
8620
8620
8621
8622
8622
8625
8625
8625
8626
8626
8628
8629
8629
8631
8631
8631
8633
8634
8635
8635
8636
8636
8637
8638
8642
8642
8644
8644
8644
8644
8645
8646
8646
8646
8648
8648
8650
8650
8651
8651
8652
8652
8653
8653
8653
8653
8654
8654
8655
8656
8656
8660
8661
8661
8663
8663
8663
8664
8664
8666
8668
8668
8668
8669
8670
8671
8671
8673
8673
8673
8673
8675
8675
8676
8677
8677
8678
8679
8680
8680
8681
8682
8683
8684
8684
8685
8686
8686
8687
8687
8689
8689
8690
8691
8693
8694
8694
8694
8696
8698
8699
8699
8699
8700
8700
8701
8702
8702
8704
8705
8706
8706
8706
8707
8707
8707
8709
8712
8714
8714
8715
8715
8715
8715
8716
8717
8717
8717
8718
8718
8719
8719
8720
8720
8721
8721
8722
8724
8724
8724
8724
8726
8727
8727
8730
8730
8730
8731
8731
8733
8733
8734
8735
8735
8735
8736
8738
8738
8738
8739
8739
8740
8740
8741
8741
8741
8743
8745
8745
8745
8745
8746
8746
8748
8750
8751
8752
8753
8753
8754
8754
8755
8755
8755
8756
8756
8757
8757
8758
8758
8760
8760
8761
8762
8762
8762
8762
8763
8764
8765
8767
8767
8768
8770
8772
8772
8772
8773
8773
8774
8774
8775
8777
8778
8778
8778
8778
8779
8779
8779
8780
8780
8781
8782
8782
8783
8783
8784
8784
8786
8786
8788
8789
8790
8790
8791
8791
8793
8794
8795
8795
8796
8798
8799
8800
8801
8803
8804
8804
8805
8805
8806
8806
8806
8806
8807
8808
8808
8809
8813
8814
8814
8815
8815
8816
8818
8818
8818
8819
8819
8820
8821
8823
8823
8824
8824
8825
8825
8826
8826
8826
8826
8826
8827
8827
8828
8829
8829
8829
8830
8830
8831
8832
8833
8834
8834
8835
8835
8836
8837
8837
8837
8838
8838
8838
8839
8839
8840
8841
8842
8842
8842
8842
8842
8843
8844
8844
8845
8845
8845
8845
8846
8848
8848
8849
8849
8851
8851
8851
8852
8853
8854
8855
8855
8855
8856
8856
8856
8856
8857
8858
8858
8859
8860
8862
8863
8864
8865
8865
8866
8867
8868
8868
8869
8869
8871
8872
8874
8875
8875
8876
8876
8876
8876
8876
8877
8877
8877
8878
8879
8881
8881
8881
8882
8882
8883
8883
8883
8883
8884
8885
8887
8889
8890
8891
8892
8894
8897
8898
8898
8898
8900
8900
8900
8900
8902
8904
8905
8906
8908
8908
8908
8908
8909
8909
8910
8910
8912
8913
8913
8913
8914
8914
8914
8915
8915
8915
8916
8916
8916
8917
8918
8918
8918
8919
8924
8924
8926
8926
8926
8927
8927
8927
8928
8928
8928
8929
8930
8931
8932
8933
8933
8933
8933
8934
8934
8935
8936
8936
8936
8937
8939
8939
8940
8940
8943
8945
8946
8946
8947
8948
8949
8949
8950
8950
8951
8951
8952
8953
8956
8957
8957
8958
8958
8959
8959
8960
8961
8961
8962
8962
8962
8962
8962
8963
8963
8964
8964
8964
8964
8964
8964
8965
8966
8966
8967
8967
8967
8967
8968
8969
8969
8971
8972
8972
8974
8974
8974
8975
8976
8978
8979
8979
8979
8980
8980
8980
8980
8981
8981
8981
8981
8982
8982
8983
8985
8985
8985
8986
8988
8990
8990
8991
8992
8992
8992
8993
8994
8994
8994
8995
8995
8996
8996
8996
8997
8998
8999
9001
9002
9002
9004
9004
9005
9006
9007
9008
9008
9009
9009
9010
9010
9011
9011
9012
9015
9015
9015
9015
9017
9018
9018
9019
9019
9019
9020
9023
9023
9023
9023
9023
9024
9024
9025
9025
9026
9029
9031
9031
9031
9031
9033
9033
9033
9034
9034
9038
9039
9040
9040
9041
9042
9042
9043
9044
9046
9047
9047
9048
9048
9049
9049
9049
9052
9052
9053
9053
9053
9054
9054
9055
9055
9055
9055
9055
9055
9058
9058
9059
9059
9061
9062
9064
9065
9065
9066
9067
9068
9068
9070
9071
9072
9072
9073
9073
9075
9075
9076
9076
9078
9078
9079
9080
9080
9081
9082
9083
9085
9085
9086
9086
9087
9090
9090
9090
9090
9090
9091
9091
9091
9092
9092
9094
9095
9095
9096
9096
9097
9097
9098
9098
9098
9099
9099
9100
9101
9102
9103
9104
9105
9105
9105
9105
9105
9106
9106
9107
9108
9109
9110
9110
9111
9111
9112
9112
9112
9113
9113
9114
9115
9116
9116
9117
9118
9121
9122
9122
9122
9123
9123
9123
9123
9124
9125
9126
9128
9130
9131
9131
9132
9133
9133
9133
9135
9135
9135
9135
9136
9136
9136
9137
9138
9138
9138
9138
9139
9139
9139
9140
9141
9141
9141
9143
9143
9143
9147
9148
9148
9148
9149
9149
9150
9150
9150
9151
9152
9153
9153
9153
9154
9155
9155
9156
9156
9156
9160
9162
9162
9162
9164
9165
9167
9167
9168
9170
9170
9171
9172
9173
9173
9173
9175
9175
9175
9175
9176
9177
9177
9178
9178
9178
9180
9182
9182
9184
9184
9184
9184
9186
9186
9187
9187
9187
9188
9189
9190
9191
9191
9192
9192
9192
9193
9194
9194
9195
9195
9197
9197
9197
9199
9199
9200
9201
9201
9201
9202
9202
9203
9203
9203
9204
9206
9206
9206
9206
9207
9207
9209
9209
9209
9209
9210
9210
9210
9211
9212
9214
9215
9215
9215
9216
9216
9218
9219
9221
9221
9221
9223
9223
9224
9226
9226
9227
9229
9229
9230
9230
9231
9231
9231
9232
9232
9234
9234
9235
9235
9235
9236
9236
9238
9239
9239
9239
9241
9241
9241
9242
9243
9243
9244
9245
9245
9245
9245
9245
9245
9246
9246
9247
9247
9248
9248
9249
9250
9253
9254
9254
9254
9257
9257
9258
9259
9259
9261
9262
9262
9263
9263
9264
9264
9266
9266
9267
9267
9267
9268
9269
9269
9269
9271
9271
9272
9274
9274
9275
9275
9277
9277
9277
9278
9278
9279
9279
9280
9280
9282
9282
9282
9282
9283
9283
9283
9283
9284
9285
9286
9287
9287
9288
9288
9289
9289
9290
9295
9295
9297
9297
9297
9298
9300
9301
9301
9302
9303
9304
9305
9305
9305
9306
9307
9307
9308
9308
9309
9309
9309
9310
9311
9311
9312
9313
9313
9315
9316
9316
9317
9318
9319
9320
9322
9323
9323
9323
9324
9324
9326
9326
9329
9329
9330
9333
9333
9334
9334
9334
9334
9335
9335
9336
9337
9337
9337
9337
9338
9338
9339
9339
9339
9340
9340
9341
9342
9342
9342
9342
9344
9344
9345
9347
9347
9347
9348
9349
9351
9352
9352
9353
9355
9356
9357
9359
9359
9359
9363
9364
9364
9365
9365
9365
9366
9366
9367
9367
9368
9368
9370
9370
9370
9371
9372
9375
9376
9376
9377
9377
9378
9378
9380
9380
9380
9381
9381
9382
9382
9382
9383
9385
9385
9386
9386
9387
9388
9388
9389
9390
9391
9391
9391
9391
9394
9394
9394
9395
9395
9396
9396
9397
9397
9398
9399
9401
9402
9402
9404
9404
9405
9405
9405
9406
9406
9407
9407
9408
9408
9408
9410
9410
9411
9411
9411
9412
9412
9413
9414
9416
9417
9418
9418
9418
9419
9420
9421
9422
9422
9422
9424
9424
9424
9425
9425
9425
9425
9426
9426
9428
9428
9429
9429
9430
9430
9430
9431
9431
9431
9432
9433
9434
9434
9434
9436
9437
9437
9437
9438
9438
9438
9439
9440
9441
9441
9442
9442
9442
9442
9443
9443
9443
9444
9444
9445
9446
9446
9446
9447
9447
9447
9449
9449
9449
9451
9451
9452
9452
9452
9452
9453
9454
9454
9454
9455
9456
9456
9456
9456
9456
9456
9457
9458
9458
9459
9460
9462
9463
9463
9463
9464
9464
9464
9467
9468
9468
9469
9470
9470
9472
9472
9473
9473
9474
9474
9475
9475
9475
9475
9476
9476
9477
9477
9478
9478
9478
9478
9479
9479
9479
9480
9480
9480
9481
9483
9483
9485
9486
9486
9487
9488
9489
9489
9490
9490
9491
9491
9492
9492
9492
9493
9494
9494
9494
9495
9495
9496
9496
9497
9498
9498
9499
9500
9500
9501
9502
9507
9507
9508
9508
9508
9510
9511
9511
9511
9511
9512
9513
9513
9513
9513
9513
9514
9514
9514
9515
9517
9517
9517
9517
9517
9519
9519
9519
9520
9521
9522
9524
9524
9524
9524
9525
9525
9526
9527
9527
9528
9530
9530
9530
9530
9530
9531
9531
9531
9531
9533
9533
9534
9534
9534
9535
9535
9535
9536
9536
9536
9537
9537
9539
9540
9540
9541
9542
9542
9542
9543
9543
9544
9544
9544
9545
9546
9547
9547
9547
9547
9547
9548
9548
9550
9550
9550
9550
9551
9551
9551
9551
9551
9551
9552
9554
9555
9555
9556
9556
9556
9558
9558
9558
9558
9559
9560
9561
9562
9563
9564
9564
9564
9565
9567
9568
9569
9570
9571
9571
9572
9573
9573
9574
9574
9574
9574
9575
9576
9576
9576
9577
9579
9579
9579
9579
9579
9579
9580
9580
9580
9586
9587
9587
9588
9588
9588
9589
9589
9590
9591
9592
9593
9593
9595
9595
9596
9596
9597
9598
9598
9599
9599
9600
9600
9601
9603
9604
9604
9606
9606
9609
9612
9614
9614
9615
9615
9616
9616
9616
9619
9620
9622
9622
9622
9623
9623
9624
9624
9625
9626
9627
9628
9628
9629
9629
9630
9630
9630
9631
9633
9633
9633
9634
9634
9636
9637
9637
9637
9638
9639
9639
9639
9641
9642
9642
9642
9643
9643
9644
9645
9648
9649
9650
9650
9650
9650
9650
9651
9651
9652
9652
9652
9652
9653
9653
9653
9653
9653
9654
9654
9655
9656
9657
9659
9660
9660
9661
9662
9664
9664
9664
9666
9666
9666
9666
9666
9666
9666
9667
9667
9668
9669
9670
9670
9671
9672
9672
9673
9673
9673
9674
9677
9677
9678
9679
9679
9679
9679
9680
9681
9682
9682
9684
9685
9686
9687
9688
9689
9689
9690
9692
9692
9693
9694
9695
9695
9695
9695
9696
9696
9696
9696
9697
9697
9698
9698
9698
9698
9698
9700
9702
9702
9702
9703
9703
9703
9704
9704
9704
9704
9706
9706
9708
9709
9710
9710
9711
9712
9712
9712
9713
9713
9713
9714
9715
9716
9716
9718
9718
9719
9720
9721
9722
9722
9722
9723
9723
9723
9724
9724
9724
9726
9728
9728
9729
9729
9729
9730
9730
9730
9731
9731
9731
9732
9732
9734
9734
9735
9735
9736
9737
9738
9739
9740
9740
9740
9740
9741
9741
9741
9741
9741
9742
9742
9743
9743
9743
9743
9745
9745
9746
9747
9747
9750
9750
9751
9752
9752
9753
9753
9753
9753
9753
9755
9755
9755
9756
9757
9757
9758
9760
9760
9761
9761
9762
9763
9763
9764
9765
9766
9767
9767
9768
9768
9768
9769
9769
9771
9773
9773
9773
9773
9773
9773
9774
9775
9775
9775
9775
9775
9775
9776
9776
9776
9779
9779
9780
9780
9783
9783
9784
9784
9785
9786
9787
9788
9789
9790
9790
9792
9793
9794
9794
9795
9795
9796
9797
9797
9799
9799
9799
9800
9800
9800
9800
9801
9802
9803
9804
9804
9805
9806
9807
9809
9809
9809
9811
9812
9813
9813
9814
9815
9815
9815
9816
9817
9819
9819
9820
9822
9823
9824
9825
9827
9827
9828
9830
9830
9830
9831
9831
9832
9833
9834
9835
9836
9836
9837
9837
9838
9838
9838
9839
9840
9840
9841
9841
9841
9843
9843
9845
9846
9846
9847
9848
9849
9849
9850
9850
9850
9851
9852
9853
9853
9853
9854
9855
9855
9857
9857
9858
9859
9859
9860
9861
9861
9862
9865
9866
9867
9868
9871
9872
9872
9872
9873
9874
9877
9879
9879
9880
9880
9880
9881
9882
9883
9883
9883
9884
9884
9885
9886
9886
9886
9886
9887
9888
9889
9889
9889
9889
9890
9891
9891
9891
9892
9892
9893
9893
9893
9893
9895
9895
9895
9895
9895
9897
9897
9898
9898
9900
9901
9901
9902
9903
9905
9905
9905
9906
9906
9906
9907
9907
9908
9908
9908
9908
9909
9910
9911
9911
9912
9912
9912
9913
9914
9914
9915
9915
9915
9916
9917
9917
9918
9918
9919
9919
9920
9920
9920
9920
9921
9921
9921
9922
9922
9923
9923
9923
9923
9924
9924
9926
9926
9926
9928
9929
9929
9930
9930
9930
9930
9931
9931
9932
9934
9935
9935
9936
9936
9936
9936
9936
9936
9936
9937
9937
9937
9939
9939
9939
9940
9941
9941
9942
9943
9944
9946
9947
9947
9948
9948
9948
9950
9951
9951
9952
9953
9953
9954
9956
9956
9959
9959
9960
9961
9961
9961
9962
9963
9963
9964
9964
9966
9966
9966
9966
9969
9970
9970
9971
9971
9971
9971
9973
9974
9974
9977
9978
9978
9979
9979
9980
9981
9981
9981
9983
9983
9983
9984
9984
9985
9985
9986
9987
9988
9988
9989
9989
9989
9990
9990
9991
9992
9993
9994
9994
9994
9995
9996
9996
9996
9997
9998
9999
10000
10000
